"Brown Bag Weight" PLOT_ID "100 seed weight" FT_DAYS Genotypes Condition replicate Bed_2022 Row_2022 Plot_Germination Generation Fecundity Fitness
107.36 9 4.09 118 2_124 single "rep 1" 1 1 10 28 2624.9388753056237 26249.388753056235
81.66000000000001 10 4.59 117 2_35 mixed "rep 1" 1 2 10 28 1779.0849673202617 17790.849673202618
85.86 11 5.09 112 1_193_3 single "rep 1" 1 3 10 18 1686.8369351669942 16868.369351669942
87.06 12 5.1899999999999995 112 2_77 single "rep 1" 1 4 9 28 1677.456647398844 15097.109826589596
94.66000000000001 13 4.39 112 57_4_2 single "rep 1" 1 5 10 0 2156.2642369020505 21562.642369020505
109.76 14 4.79 117 7_87 mixed "rep 1" 1 6 10 58 2291.4405010438413 22914.405010438415
88.36 15 5.59 112 1_137 single "rep 1" 1 7 9 18 1580.679785330948 14226.118067978532
144.56 16 4.489999999999999 125 2_217 single "rep 1" 1 8 10 28 3219.5991091314036 32195.991091314034
95.26 17 4.89 112 1_92 mixed "rep 1" 1 9 7 18 1948.0572597137016 13636.400817995911
127.66000000000001 18 5.29 117 2_30 single "rep 1" 1 10 8 28 2413.2325141776937 19305.86011342155
44.16 19 3.9899999999999993 117 2_6 single "rep 1" 1 11 10 28 1106.7669172932333 11067.669172932332
46.86 20 4.6899999999999995 112 7_34 single "rep 1" 1 12 9 58 999.1471215351813 8992.324093816633
122.06000000000002 21 5.29 124 47_4 single "rep 1" 1 13 7 0 2307.372400756144 16151.60680529301
141.95999999999998 22 4.489999999999999 107 1_158 single "rep 1" 1 14 10 18 3161.6926503340756 31616.926503340757
98.26 23 4.989999999999999 105 2_167 mixed "rep 1" 1 15 10 28 1969.1382765531066 19691.382765531067
123.26 24 5.79 105 2_148 single "rep 1" 1 16 10 28 2128.8428324697757 21288.428324697757
133.45999999999998 25 5.59 125 7_95 mixed "rep 1" 1 17 10 58 2387.477638640429 23874.776386404294
103.86 26 5.1899999999999995 112 1_206 single "rep 1" 1 18 7 18 2001.156069364162 14008.092485549134
140.76 27 4.6899999999999995 112 7_69 mixed "rep 1" 1 19 9 58 3001.279317697228 27011.51385927505
111.56 28 5.989999999999999 112 1_56 single "rep 1" 1 20 8 18 1862.4373956594327 14899.499165275462
204.85999999999999 29 4.39 112 2_137 single "rep 1" 1 21 9 28 4666.514806378133 41998.63325740319
186.85999999999999 30 4.79 112 2_169 single "rep 1" 1 22 8 28 3901.0438413361167 31208.350730688933
124.56000000000002 31 5.489999999999999 112 7_69 single "rep 1" 1 23 8 58 2268.8524590163943 18150.819672131154
147.56 32 5.1899999999999995 112 61_5_3 mixed "rep 1" 1 24 10 0 2843.1599229287094 28431.599229287094
114.76 33 5.29 118 7_11 mixed "rep 1" 1 25 10 58 2169.3761814744803 21693.7618147448
83.16000000000001 34 4.09 125 7_10 single "rep 1" 1 26 9 58 2033.2518337408317 18299.266503667484
110.86 35 4.989999999999999 112 1_61 single "rep 1" 1 27 10 18 2221.6432865731467 22216.43286573147
121.06000000000002 36 4.989999999999999 117 1_148 single "rep 1" 1 28 10 18 2426.0521042084174 24260.521042084176
86.86 37 5.1899999999999995 114 7_10 mixed "rep 1" 1 29 10 58 1673.603082851638 16736.03082851638
91.96000000000001 38 4.989999999999999 117 2_44 mixed "rep 1" 1 30 9 28 1842.8857715430865 16585.97194388778
95.86 39 5.39 118 7_31 mixed "rep 1" 1 31 10 58 1778.47866419295 17784.7866419295
50.66 40 5.1899999999999995 124 7_67 single "rep 1" 1 32 9 58 976.1078998073218 8784.971098265896
143.66 41 5.79 112 2_170 single "rep 1" 1 33 9 28 2481.174438687392 22330.569948186527
48.16 42 4.1899999999999995 112 1_89_2 single "rep 1" 1 34 10 18 1149.403341288783 11494.03341288783
86.26 43 4.39 132 2_142 single "rep 1" 1 35 9 28 1964.9202733485197 17684.282460136677
82.06 44 5.89 114 1_191 mixed "rep 1" 1 36 10 18 1393.2088285229204 13932.088285229203
69.86 45 4.59 117 2_89 single "rep 1" 1 37 10 28 1522.004357298475 15220.04357298475
45.46 46 5.6899999999999995 124 59_5_1 mixed "rep 1" 1 38 10 0 798.9455184534272 7989.455184534272
73.06 47 5.1899999999999995 114 2_56 mixed "rep 1" 1 39 9 28 1407.7071290944125 12669.364161849713
96.16000000000001 48 4.89 117 7_174 mixed "rep 1" 1 40 10 58 1966.4621676891618 19664.621676891617
71.66000000000001 49 5.1899999999999995 117 3_207 mixed "rep 1" 1 41 10 50 1380.7321772639696 13807.321772639696
95.16000000000001 50 6.09 114 50_3 single "rep 1" 1 42 7 0 1562.56157635468 10937.93103448276
71.36 51 4.6899999999999995 114 59_5_1 single "rep 1" 1 43 9 0 1521.535181236674 13693.816631130065
70.26 52 5.09 117 7_131 single "rep 1" 1 44 6 58 1380.3536345776033 8282.12180746562
88.76 53 4.79 112 7_34 mixed "rep 1" 1 45 9 58 1853.0271398747393 16677.244258872655
91.76 54 5.1899999999999995 106 1_84 mixed "rep 1" 1 46 9 18 1768.0154142581891 15912.138728323702
57.76 55 5.09 118 7_14 single "rep 1" 1 47 4 58 1134.7740667976425 4539.09626719057
201.16 56 4.489999999999999 112 2_110 single "rep 1" 1 48 5 28 4480.178173719377 22400.890868596885
28.36 57 3.6899999999999995 112 68_3_1 single "rep 1" 1 49 6 0 768.5636856368565 4611.382113821139
144.06 58 4.989999999999999 114 3_67 mixed "rep 1" 1 50 9 50 2886.973947895792 25982.76553106213
169.26 59 4.79 125 7_93 single "rep 1" 2 1 9 58 3533.6116910229644 31802.50521920668
140.85999999999999 60 4.29 110 1_95 single "rep 1" 2 2 9 18 3283.449883449883 29551.04895104895
125.66000000000001 61 4.489999999999999 110 3_4 single "rep 1" 2 3 9 50 2798.663697104678 25187.9732739421
28.759999999999998 62 3.79 112 7_44 mixed "rep 1" 2 4 10 58 758.839050131926 7588.39050131926
171.85999999999999 63 5.29 112 2_144 mixed "rep 1" 2 5 10 28 3248.7712665406425 32487.712665406427
108.36 64 4.989999999999999 110 1_169 mixed "rep 1" 2 6 10 18 2171.543086172345 21715.43086172345
102.16000000000001 65 5.1899999999999995 117 3_79 mixed "rep 1" 2 7 10 50 1968.40077071291 19684.007707129098
87.76 66 4.59 118 3_112 mixed "rep 1" 2 8 10 50 1911.9825708061005 19119.825708061006
95.76 67 4.59 110 52_5_1 single "rep 1" 2 9 5 0 2086.274509803922 10431.372549019608
168.66 68 4.489999999999999 117 7_163 single "rep 1" 2 10 10 58 3756.3474387527845 37563.474387527844
64.06 69 3.9899999999999993 110 1_192_3 single "rep 1" 2 11 10 18 1605.5137844611534 16055.137844611534
125.96 70 4.6899999999999995 114 1_177 single "rep 1" 2 12 10 18 2685.714285714286 26857.14285714286
90.06 71 4.489999999999999 118 2_106 mixed "rep 1" 2 13 10 28 2005.790645879733 20057.90645879733
104.16000000000001 72 5.489999999999999 118 56_5 mixed "rep 1" 2 14 10 0 1897.267759562842 18972.67759562842
106.76 73 5.29 112 1_136 mixed "rep 1" 2 15 6 18 2018.1474480151228 12108.884688090737
50.76 74 5.1899999999999995 110 1_128 mixed "rep 1" 2 16 10 18 978.0346820809249 9780.346820809249
108.26 75 4.489999999999999 132 2_117 single "rep 1" 2 17 10 28 2411.135857461025 24111.358574610247
73.96000000000001 76 4.59 124 3_146 single "rep 1" 2 18 8 50 1611.3289760348587 12890.63180827887
97.76 77 4.29 117 1_51_1 single "rep 1" 2 19 10 18 2278.787878787879 22787.87878787879
102.66000000000001 78 4.59 118 2_81 mixed "rep 1" 2 20 9 28 2236.6013071895427 20129.411764705885
166.45999999999998 79 5.39 118 7_131 mixed "rep 1" 2 21 10 58 3088.311688311688 30883.116883116883
126.26 80 5.09 117 1_189 mixed "rep 1" 2 22 1 18 2480.550098231827 2480.550098231827
89.36 81 5.39 112 1_162_3 mixed "rep 1" 2 23 9 18 1657.8849721706865 14920.964749536179
85.16000000000001 82 5.489999999999999 117 64_5_1 mixed "rep 1" 2 24 8 0 1551.1839708561024 12409.47176684882
111.96000000000001 83 3.9899999999999993 117 7_102 single "rep 1" 2 25 10 58 2806.0150375939857 28060.150375939855
110.26 84 4.89 126 7_211 single "rep 1" 2 26 10 58 2254.80572597137 22548.0572597137
119.26 85 5.1899999999999995 110 2_66 mixed "rep 1" 2 27 10 28 2297.880539499037 22978.80539499037
49.86 86 5.1899999999999995 117 3_169 mixed "rep 1" 2 28 10 50 960.6936416184972 9606.936416184972
39.059999999999995 87 3.8899999999999997 117 7_173 mixed "rep 1" 2 29 10 58 1004.1131105398457 10041.131105398457
102.66000000000001 88 4.39 110 1_16_2 single "rep 1" 2 30 10 18 2338.4965831435084 23384.96583143508
71.16000000000001 89 4.489999999999999 105 2_160 mixed "rep 1" 2 31 10 28 1584.8552338530071 15848.552338530071
51.16 90 4.6899999999999995 110 1_112_2 single "rep 1" 2 32 10 18 1090.8315565031983 10908.315565031982
96.16000000000001 91 5.09 110 1_8 mixed "rep 1" 2 33 6 18 1889.194499017682 11335.166994106092
41.36 92 3.59 112 1_99 single "rep 1" 2 34 9 18 1152.0891364902507 10368.802228412256
140.95999999999998 93 5.29 117 48_5 single "rep 1" 2 35 9 0 2664.650283553875 23981.852551984874
38.96 94 5.6899999999999995 117 3_169 single "rep 1" 2 36 10 50 684.7100175746925 6847.100175746926
72.36 95 4.6899999999999995 110 7_58 single "rep 1" 2 37 10 58 1542.857142857143 15428.57142857143
76.26 96 5.89 117 7_74 single "rep 1" 2 38 10 58 1294.7368421052633 12947.368421052633
108.96000000000001 97 4.79 117 1_133 single "rep 1" 2 39 10 18 2274.739039665971 22747.390396659714
103.06 98 4.39 118 2_146 mixed "rep 1" 2 40 9 28 2347.608200455581 21128.473804100227
80.76 99 5.489999999999999 118 7_93 mixed "rep 1" 2 41 10 58 1471.0382513661207 14710.382513661207
69.36 100 5.489999999999999 110 1_74 single "rep 1" 2 42 10 18 1263.3879781420767 12633.879781420766
91.06 101 4.489999999999999 105 2_62 single "rep 1" 2 43 10 28 2028.062360801782 20280.62360801782
165.66 102 4.79 117 7_149 single "rep 1" 2 44 10 58 3458.455114822547 34584.551148225466
44.86 103 4.39 118 1_218 single "rep 1" 2 45 7 18 1021.8678815489751 7153.075170842826
109.16000000000001 104 5.59 118 7_65 single "rep 1" 2 46 8 58 1952.7728085867623 15622.182468694098
69.66000000000001 106 4.989999999999999 114 67_3_3 mixed "rep 1" 2 48 9 0 1395.9919839679362 12563.927855711427
61.35999999999999 108 5.39 112 1_179_1 single "rep 1" 2 50 9 18 1138.4044526901669 10245.640074211502
179.56 109 5.59 114 2_195 mixed "rep 1" 3 1 10 28 3212.1645796064404 32121.645796064404
84.26 110 4.6899999999999995 117 1_203 mixed "rep 1" 3 2 9 18 1796.588486140725 16169.296375266526
63.85999999999999 111 5.1899999999999995 117 2_132 mixed "rep 1" 3 3 10 28 1230.4431599229288 12304.431599229287
75.46000000000001 112 4.59 119 47_4 mixed "rep 1" 3 4 10 0 1644.00871459695 16440.0871459695
136.06 113 5.79 110 7_184 single "rep 1" 3 5 9 58 2349.9136442141626 21149.22279792746
167.66 114 5.1899999999999995 110 2_138 mixed "rep 1" 3 6 10 28 3230.4431599229288 32304.431599229287
24.659999999999997 115 4.39 118 1_114_2 single "rep 1" 3 7 10 18 561.7312072892938 5617.312072892938
128.76 116 4.6899999999999995 112 2_217 mixed "rep 1" 3 8 10 28 2745.415778251599 27454.15778251599
157.16 117 4.489999999999999 112 1_45 mixed "rep 1" 3 9 10 18 3500.222717149221 35002.22717149221
105.26 118 4.79 111 63_4 mixed "rep 1" 3 10 10 0 2197.4947807933195 21974.947807933197
144.06 119 4.89 110 1_84 single "rep 1" 3 11 9 18 2946.01226993865 26514.11042944785
92.66000000000001 120 4.79 111 1_75 single "rep 1" 3 12 10 18 1934.4467640918583 19344.467640918585
96.96000000000001 121 5.489999999999999 110 1_92 single "rep 1" 3 13 7 18 1766.1202185792354 12362.841530054648
91.86 122 5.09 110 1_158 mixed "rep 1" 3 14 10 18 1804.7151277013752 18047.151277013752
79.26 123 5.89 117 2_90 single "rep 1" 3 15 10 28 1345.670628183362 13456.70628183362
104.56 124 5.29 117 1_165_3 mixed "rep 1" 3 16 9 18 1976.5595463137995 17789.035916824196
132.06 125 5.489999999999999 112 7_214 single "rep 1" 3 17 10 58 2405.4644808743174 24054.644808743175
131.85999999999999 126 4.6899999999999995 124 7_207 single "rep 1" 3 18 9 58 2811.513859275053 25303.624733475477
174.06 127 4.6899999999999995 114 1_3 mixed "rep 1" 3 19 8 18 3711.300639658849 29690.40511727079
145.85999999999999 128 4.79 106 1_18 mixed "rep 1" 3 20 6 18 3045.0939457202503 18270.5636743215
143.76 129 4.79 117 2_173 mixed "rep 1" 3 21 9 28 3001.2526096033403 27011.273486430062
102.06 130 4.89 119 54_5 mixed "rep 1" 3 22 7 0 2087.116564417178 14609.815950920245
202.26 131 5.29 111 2_166 single "rep 1" 3 23 10 28 3823.4404536862 38234.404536862
78.96000000000001 132 5.6899999999999995 124 7_181 single "rep 1" 3 24 9 58 1387.6977152899829 12489.279437609846
133.95999999999998 133 4.989999999999999 114 1_120 mixed "rep 1" 3 25 9 18 2684.569138276553 24161.12224448898
33.16 134 4.29 124 2_37 mixed "rep 1" 3 26 9 28 772.9603729603729 6956.643356643356
66.76 135 4.39 110 1_8 single "rep 1" 3 27 8 18 1520.728929384966 12165.831435079728
130.66 136 5.29 110 1_6 mixed "rep 1" 3 28 10 18 2469.9432892249524 24699.432892249526
64.96000000000001 137 4.59 114 1_98 mixed "rep 1" 3 29 10 18 1415.2505446623097 14152.505446623098
61.559999999999995 138 4.39 124 7_102 mixed "rep 1" 3 30 8 58 1402.2779043280184 11218.223234624147
56.96 139 4.6899999999999995 118 1_107 single "rep 1" 3 31 8 18 1214.4989339019191 9715.991471215353
124.96 140 4.89 118 2_125 mixed "rep 1" 3 32 10 28 2555.4192229038854 25554.192229038854
119.96 141 4.6899999999999995 114 1_3 single "rep 1" 3 33 10 18 2557.7825159914714 25577.825159914715
40.559999999999995 142 3.8899999999999997 114 1_93 mixed "rep 1" 3 34 10 18 1042.6735218508998 10426.735218508999
155.95999999999998 143 5.89 111 2_19 single "rep 1" 3 35 10 28 2647.8777589134124 26478.777589134123
97.56 144 5.09 114 2_85 single "rep 1" 3 36 9 28 1916.6994106090374 17250.294695481338
21.36 145 5.1899999999999995 117 2_44 single "rep 1" 3 37 10 28 411.5606936416185 4115.606936416185
72.36 146 5.29 112 7_118 single "rep 1" 3 38 9 58 1367.8638941398865 12310.775047258978
133.85999999999999 147 4.39 112 1_113 mixed "rep 1" 3 39 4 18 3049.2027334851937 12196.810933940775
70.66000000000001 148 4.29 112 7_58 mixed "rep 1" 3 40 10 58 1647.0862470862473 16470.862470862474
96.36 149 5.6899999999999995 112 1_130 mixed "rep 1" 3 41 9 18 1693.4973637961339 15241.476274165205
105.26 151 5.59 112 1_58 mixed "rep 1" 3 43 9 18 1883.005366726297 16947.048300536673
61.559999999999995 152 3.6899999999999995 119 3_158 single "rep 1" 3 44 10 50 1668.2926829268295 16682.926829268294
88.16000000000001 153 4.79 112 1_214 single "rep 1" 3 45 10 18 1840.5010438413365 18405.010438413367
114.56 154 4.6899999999999995 110 1_95 mixed "rep 1" 3 46 6 18 2442.6439232409384 14655.86353944563
119.46 155 5.59 110 68_3_1 mixed "rep 1" 3 47 10 0 2137.030411449016 21370.304114490158
69.46000000000001 156 4.89 114 3_118 mixed "rep 1" 3 48 9 50 1420.4498977505114 12784.049079754603
125.46 157 5.59 112 2_157 mixed "rep 1" 3 49 8 28 2244.364937388193 17954.919499105545
82.06 158 4.09 112 2_209 single "rep 1" 3 50 10 28 2006.356968215159 20063.56968215159
113.96000000000001 159 5.79 112 2_144 single "rep 1" 4 1 10 28 1968.2210708117445 19682.210708117447
147.16 160 5.39 124 7_94 single "rep 1" 4 2 8 58 2730.2411873840447 21841.929499072357
67.66000000000001 161 6.29 117 7_176 single "rep 1" 4 3 8 58 1075.6756756756758 8605.405405405407
70.06 162 5.29 119 2_34 single "rep 1" 4 4 7 28 1324.3856332703213 9270.699432892248
20.259999999999998 163 4.989999999999999 117 7_65 mixed "rep 1" 4 5 6 58 406.01202404809624 2436.0721442885774
96.26 164 5.79 117 2_171 mixed "rep 1" 4 6 10 28 1662.5215889464596 16625.215889464595
120.06000000000002 165 4.89 105 2_156 single "rep 1" 4 7 10 28 2455.214723926381 24552.14723926381
34.66 166 3.79 119 7_141 single "rep 1" 4 8 10 58 914.5118733509233 9145.118733509233
60.46 167 6.1899999999999995 117 2_106 single "rep 1" 4 9 10 28 976.7366720516964 9767.366720516964
21.96 168 4.59 132 67_3_3 single "rep 1" 4 10 10 0 478.43137254901967 4784.313725490197
125.26 169 5.59 124 2_20 mixed "rep 1" 4 11 10 28 2240.7871198568873 22407.87119856887
101.46000000000001 170 5.09 112 2_119 single "rep 1" 4 12 10 28 1993.3202357563853 19933.202357563852
121.16000000000001 171 5.09 112 2_202 single "rep 1" 4 13 10 28 2380.3536345776033 23803.536345776032
84.16000000000001 172 4.989999999999999 112 2_209 mixed "rep 1" 4 14 10 28 1686.5731462925855 16865.731462925854
142.95999999999998 173 4.79 124 7_187 mixed "rep 1" 4 15 9 58 2984.551148225469 26860.960334029223
67.96000000000001 174 4.6899999999999995 124 7_84 single "rep 1" 4 16 9 58 1449.040511727079 13041.364605543711
80.76 175 4.6899999999999995 117 2_3 single "rep 1" 4 17 9 28 1721.9616204690833 15497.65458422175
48.76 176 3.59 121 2_123 single "rep 1" 4 18 10 28 1358.217270194986 13582.17270194986
131.95999999999998 177 5.09 119 2_138 single "rep 1" 4 19 9 28 2592.5343811394887 23332.809430255398
94.76 178 5.1899999999999995 114 1_78 mixed "rep 1" 4 20 9 18 1825.8188824662816 16432.369942196536
43.559999999999995 179 4.59 124 7_152 mixed "rep 1" 4 21 8 58 949.0196078431372 7592.156862745098
118.16000000000001 180 4.6899999999999995 119 1_136 single "rep 1" 4 22 9 18 2519.4029850746274 22674.626865671646
68.86 181 5.09 105 2_47 single "rep 1" 4 23 10 28 1352.8487229862476 13528.487229862476
65.46000000000001 182 5.79 124 2_108 single "rep 1" 4 24 7 28 1130.5699481865286 7913.9896373057
92.56 183 4.489999999999999 114 7_126 mixed "rep 1" 4 25 10 58 2061.4699331848556 20614.699331848555
132.35999999999999 184 5.09 114 1_47_1 mixed "rep 1" 4 26 9 18 2600.3929273084477 23403.53634577603
110.46000000000001 185 4.89 114 1_7_1 mixed "rep 1" 4 27 9 18 2258.895705521473 20330.061349693256
11.659999999999998 186 2.59 112 1_93 single "rep 1" 4 28 10 18 450.1930501930501 4501.930501930501
135.95999999999998 187 4.989999999999999 112 2_90 mixed "rep 1" 4 29 8 28 2724.6492985971945 21797.194388777556
106.76 188 4.39 110 2_66 single "rep 1" 4 30 8 28 2431.8906605922557 19455.125284738046
60.85999999999999 189 4.29 124 1_18 single "rep 1" 4 31 10 18 1418.6480186480185 14186.480186480185
98.36 190 4.89 124 2_120 single "rep 1" 4 32 10 28 2011.4519427402863 20114.51942740286
82.56 191 4.489999999999999 114 7_170 mixed "rep 1" 4 33 8 58 1838.7527839643656 14710.022271714924
102.46000000000001 192 5.59 114 1_134 mixed "rep 1" 4 34 9 18 1832.9159212880145 16496.24329159213
66.06 193 4.6899999999999995 112 1_212 single "rep 1" 4 35 10 18 1408.5287846481879 14085.287846481879
38.059999999999995 194 3.9899999999999993 114 1_99 mixed "rep 1" 4 36 9 18 953.8847117794487 8584.962406015038
53.26 195 5.09 124 1_98 single "rep 1" 4 37 4 18 1046.3654223968565 4185.461689587426
64.16000000000001 196 4.79 110 2_100 single "rep 1" 4 38 9 28 1339.4572025052196 12055.114822546977
63.660000000000004 197 4.1899999999999995 113 1_120 single "rep 1" 4 39 6 18 1519.331742243437 9115.990453460621
134.66 198 4.79 119 3_186 single "rep 1" 4 40 10 50 2811.273486430063 28112.734864300626
120.46 199 5.59 113 7_165 single "rep 1" 4 41 10 58 2154.9194991055456 21549.194991055454
72.66000000000001 200 4.79 117 1_147_1 single "rep 1" 4 42 10 18 1516.9102296450942 15169.102296450943
81.06 201 4.989999999999999 117 3_87 single "rep 1" 4 43 9 50 1624.4488977955914 14620.040080160323
133.85999999999999 202 5.489999999999999 119 7_7 single "rep 1" 4 44 10 58 2438.251366120219 24382.51366120219
79.76 203 4.6899999999999995 117 63_4 single "rep 1" 4 45 7 0 1700.6396588486143 11904.4776119403
141.85999999999999 204 4.989999999999999 110 2_212 mixed "rep 1" 4 46 10 28 2842.8857715430863 28428.857715430862
60.76 205 5.29 125 7_152 single "rep 1" 4 47 10 58 1148.5822306238185 11485.822306238186
22.36 206 4.989999999999999 114 3_186 mixed "rep 1" 4 48 10 50 448.0961923847696 4480.961923847696
90.46000000000001 208 4.29 114 7_97 mixed "rep 1" 4 50 9 58 2108.624708624709 18977.62237762238
173.85999999999999 209 5.489999999999999 112 7_167 mixed "rep 1" 5 1 8 58 3166.848816029144 25334.790528233152
74.36 210 5.1899999999999995 117 2_13 mixed "rep 1" 5 2 4 28 1432.7552986512526 5731.02119460501
110.26 211 4.89 110 1_39_1 mixed "rep 1" 5 3 10 18 2254.80572597137 22548.0572597137
79.66000000000001 212 4.6899999999999995 113 1_137 mixed "rep 1" 5 4 5 18 1698.5074626865676 8492.537313432838
113.46000000000001 213 5.29 119 7_96 single "rep 1" 5 5 10 58 2144.801512287335 21448.01512287335
96.56 214 5.29 119 7_100 single "rep 1" 5 6 9 58 1825.3308128544422 16427.97731568998
87.46000000000001 215 3.8899999999999997 113 7_163 mixed "rep 1" 5 7 9 58 2248.329048843188 20234.961439588693
49.36 216 4.989999999999999 112 1_174 single "rep 1" 5 8 10 18 989.178356713427 9891.78356713427
137.45999999999998 217 4.89 112 1_85 mixed "rep 1" 5 9 10 18 2811.0429447852757 28110.42944785276
177.06 218 5.59 114 3_41 mixed "rep 1" 5 10 10 50 3167.4418604651164 31674.418604651164
100.06 219 4.79 117 7_87 single "rep 1" 5 11 10 58 2088.935281837161 20889.352818371608
81.36 220 5.09 112 1_200 mixed "rep 1" 5 12 9 18 1598.4282907662082 14385.854616895875
118.76 221 4.489999999999999 113 1_14 single "rep 1" 5 13 8 18 2644.9888641425396 21159.910913140317
39.46 222 4.29 110 1_187 single "rep 1" 5 14 8 18 919.8135198135199 7358.508158508159
114.96000000000001 223 5.09 114 1_126 mixed "rep 1" 5 15 6 18 2258.546168958743 13551.277013752457
77.26 224 4.29 112 1_60_3 mixed "rep 1" 5 16 7 18 1800.932400932401 12606.526806526806
111.86 225 4.39 119 1_67 mixed "rep 1" 5 17 10 18 2548.0637813211847 25480.637813211848
95.76 226 4.489999999999999 117 57_4_2 mixed "rep 1" 5 18 10 0 2132.7394209354125 21327.394209354126
138.76 227 5.09 113 1_191 single "rep 1" 5 19 10 18 2726.129666011788 27261.296660117878
95.36 228 4.6899999999999995 121 7_53 single "rep 1" 5 20 9 58 2033.2622601279318 18299.360341151387
53.660000000000004 229 4.489999999999999 113 1_100 mixed "rep 1" 5 21 10 18 1195.1002227171493 11951.002227171493
80.86 230 4.89 119 7_119 mixed "rep 1" 5 22 10 58 1653.5787321063394 16535.787321063395
158.76 231 4.79 112 1_169 single "rep 1" 5 23 8 18 3314.4050104384132 26515.240083507306
49.26 232 5.989999999999999 119 1_179_1 mixed "rep 1" 5 24 9 18 822.3706176961603 7401.3355592654425
149.45999999999998 233 5.29 114 7_173 single "rep 1" 5 25 10 58 2825.330812854442 28253.308128544417
70.16000000000001 234 5.09 117 1_131 mixed "rep 1" 5 26 9 18 1378.3889980353636 12405.500982318272
161.35999999999999 235 5.6899999999999995 112 2_119 mixed "rep 1" 5 27 10 28 2835.85237258348 28358.5237258348
70.56 236 4.29 119 7_11 single "rep 1" 5 28 10 58 1644.7552447552448 16447.552447552447
116.16000000000001 237 4.39 119 2_46 single "rep 1" 5 29 8 28 2646.013667425969 21168.10933940775
103.86 238 4.89 111 2_100 mixed "rep 1" 5 30 10 28 2123.9263803680983 21239.263803680984
124.16000000000001 239 4.39 112 2_85 mixed "rep 1" 5 31 10 28 2828.2460136674267 28282.460136674268
46.66 240 3.6899999999999995 106 62_5 single "rep 1" 5 32 9 0 1264.49864498645 11380.48780487805
64.56 241 5.09 112 7_81 mixed "rep 1" 5 33 10 58 1268.3693516699411 12683.693516699412
59.059999999999995 242 5.489999999999999 114 1_105_1 mixed "rep 1" 5 34 10 18 1075.7741347905283 10757.741347905283
64.26 243 5.29 114 1_114_2 mixed "rep 1" 5 35 10 18 1214.7448015122873 12147.448015122873
54.46 244 4.6899999999999995 114 1_83 mixed "rep 1" 5 36 9 18 1161.1940298507463 10450.746268656718
84.86 245 4.79 124 2_171 single "rep 1" 5 37 7 28 1771.60751565762 12401.25260960334
84.46000000000001 246 5.09 119 3_72 single "rep 1" 5 38 8 50 1659.3320235756387 13274.65618860511
88.56 247 3.8899999999999997 112 1_128 single "rep 1" 5 39 10 18 2276.6066838046277 22766.066838046278
52.559999999999995 248 4.59 132 45_3_2 single "rep 1" 5 40 10 0 1145.0980392156862 11450.980392156862
118.76 249 4.6899999999999995 113 7_105 mixed "rep 1" 5 41 10 58 2532.1961620469087 25321.961620469086
110.86 250 4.89 112 2_111 mixed "rep 1" 5 42 10 28 2267.075664621677 22670.756646216767
99.46000000000001 251 5.489999999999999 110 2_163 single "rep 1" 5 43 9 28 1811.6575591985434 16304.91803278689
73.26 252 5.59 121 2_20 single "rep 1" 5 44 10 28 1310.5545617173525 13105.545617173524
94.06 253 5.1899999999999995 112 71_5 mixed "rep 1" 5 45 9 0 1812.33140655106 16310.98265895954
124.06000000000002 254 5.489999999999999 111 7_176 mixed "rep 1" 5 46 9 58 2259.7449908925328 20337.704918032796
109.56 255 5.29 113 7_38 mixed "rep 1" 5 47 9 58 2071.077504725898 18639.697542533082
120.76 258 4.79 112 1_6 single "rep 1" 5 50 10 18 2521.0855949895617 25210.855949895617
116.96 259 4.59 112 1_105_1 single "rep 1" 6 1 10 18 2548.1481481481483 25481.48148148148
98.76 260 4.989999999999999 114 1_47_1 single "rep 1" 6 2 9 18 1979.1583166332668 17812.4248496994
65.16000000000001 261 6.09 124 1_85 single "rep 1" 6 3 6 18 1069.9507389162563 6419.704433497538
120.16000000000001 262 5.79 117 2_56 single "rep 1" 6 4 10 28 2075.302245250432 20753.02245250432
125.56000000000002 263 5.29 112 2_137 mixed "rep 1" 6 5 9 28 2373.5349716446126 21361.814744801515
99.96000000000001 264 5.79 112 1_61 mixed "rep 1" 6 6 10 18 1726.4248704663214 17264.248704663216
151.45999999999998 265 5.489999999999999 117 7_94 mixed "rep 1" 6 7 8 58 2758.8342440801457 22070.673952641166
117.56000000000002 266 4.79 113 1_51_1 mixed "rep 1" 6 8 10 18 2454.27974947808 24542.797494780796
93.46000000000001 267 4.29 110 3_139 mixed "rep 1" 6 9 10 50 2178.5547785547787 21785.547785547787
74.36 268 4.79 111 1_16_2 mixed "rep 1" 6 10 8 18 1552.400835073069 12419.206680584552
51.96 269 4.489999999999999 112 2_79 single "rep 1" 6 11 5 28 1157.238307349666 5786.19153674833
162.16 270 4.09 110 3_139 single "rep 1" 6 12 8 50 3964.79217603912 31718.33740831296
124.96 271 5.79 117 3_67 single "rep 1" 6 13 10 50 2158.203799654577 21582.03799654577
99.16000000000001 272 4.39 106 1_110 single "rep 1" 6 14 10 18 2258.7699316628705 22587.699316628707
124.56000000000002 273 4.6899999999999995 126 1_67 single "rep 1" 6 15 8 18 2655.8635394456296 21246.908315565037
163.16 274 4.489999999999999 112 1_195_3 single "rep 1" 6 16 9 18 3633.8530066815147 32704.677060133632
109.46000000000001 275 4.6899999999999995 112 2_19 mixed "rep 1" 6 17 6 28 2333.9019189765463 14003.411513859279
174.35999999999999 276 4.79 112 1_156 single "rep 1" 6 18 5 18 3640.0835073068893 18200.417536534445
126.86 277 4.989999999999999 118 1_218 mixed "rep 1" 6 19 10 18 2542.2845691382768 25422.84569138277
110.16000000000001 278 4.489999999999999 124 1_203 single "rep 1" 6 20 10 18 2453.4521158129182 24534.52115812918
120.66000000000001 279 5.39 132 2_43 single "rep 1" 6 21 7 28 2238.5899814471245 15670.129870129871
29.659999999999997 280 4.59 105 2_139 single "rep 1" 6 22 6 28 646.1873638344226 3877.1241830065355
84.76 281 4.6899999999999995 110 1_2 mixed "rep 1" 6 23 7 18 1807.2494669509597 12650.746268656718
132.66 282 5.39 113 2_142 mixed "rep 1" 6 24 10 28 2461.2244897959185 24612.244897959186
89.46000000000001 283 5.6899999999999995 114 3_158 mixed "rep 1" 6 25 9 50 1572.2319859402464 14150.087873462218
62.660000000000004 284 4.29 121 1_65 mixed "rep 1" 6 26 9 18 1460.6060606060607 13145.454545454546
36.36 285 5.09 117 7_119 single "rep 1" 6 27 9 58 714.3418467583497 6429.076620825147
70.86 286 3.59 117 1_116 single "rep 1" 6 28 7 18 1973.8161559888579 13816.713091922005
67.06 287 4.489999999999999 112 2_132 single "rep 1" 6 29 10 28 1493.541202672606 14935.41202672606
27.36 288 4.29 142 69_5_1 single "rep 1" 6 30 8 0 637.7622377622378 5102.097902097902
62.76 289 3.79 117 3_104 mixed "rep 1" 6 31 10 50 1655.9366754617413 16559.36675461741
58.76 290 3.8899999999999997 118 2_108 mixed "rep 1" 6 32 9 28 1510.5398457583549 13594.858611825193
113.36 291 5.79 112 7_219 single "rep 1" 6 33 10 58 1957.8583765112262 19578.583765112264
156.06 292 4.489999999999999 111 2_101 single "rep 1" 6 34 10 28 3475.723830734967 34757.238307349675
114.56 293 5.29 112 2_101 mixed "rep 1" 6 35 10 28 2165.5954631379964 21655.954631379966
35.86 294 5.79 118 7_190 single "rep 1" 6 36 10 58 619.3436960276339 6193.436960276339
38.66 295 3.8899999999999997 132 2_81 single "rep 1" 6 37 9 28 993.8303341902314 8944.473007712082
128.35999999999999 296 4.989999999999999 117 3_146 mixed "rep 1" 6 38 9 50 2572.3446893787577 23151.10220440882
165.35999999999999 297 5.39 117 3_95 mixed "rep 1" 6 39 8 50 3067.903525046382 24543.228200371057
13.860000000000001 298 4.59 105 51_5_3 single "rep 1" 6 40 8 0 301.9607843137255 2415.686274509804
120.86 300 5.79 112 7_149 mixed "rep 1" 6 42 5 58 2087.3920552677027 10436.960276338514
69.46000000000001 301 4.39 112 1_118 single "rep 1" 6 43 10 18 1582.2323462414583 15822.323462414584
123.96 302 6.09 117 7_118 mixed "rep 1" 6 44 10 58 2035.4679802955666 20354.679802955667
188.06 303 5.489999999999999 112 7_214 mixed "rep 1" 6 45 10 58 3425.500910746813 34255.00910746813
182.95999999999998 304 5.489999999999999 117 7_105 single "rep 1" 6 46 9 58 3332.604735883425 29993.442622950824
78.56 305 5.1899999999999995 112 72_7_1 mixed "rep 1" 6 47 8 0 1513.680154142582 12109.441233140657
91.06 306 4.79 107 1_103 mixed "rep 1" 6 48 10 18 1901.043841336117 19010.43841336117
71.06 307 5.489999999999999 107 2_170 mixed "rep 1" 6 49 9 28 1294.353369763206 11649.180327868855
160.95999999999998 308 4.29 126 2_121 single "rep 1" 6 50 10 28 3751.9813519813515 37519.81351981351
99.36 309 5.89 118 2_46 mixed "rep 1" 7 1 10 28 1686.9269949066215 16869.269949066216
78.86 310 5.09 114 2_117 mixed "rep 1" 7 2 10 28 1549.312377210216 15493.12377210216
106.06 311 4.6899999999999995 112 2_17 mixed "rep 1" 7 3 10 28 2261.4072494669513 22614.07249466951
132.95999999999998 312 4.39 118 2_195 single "rep 1" 7 4 10 28 3028.7015945330295 30287.015945330295
115.86 313 4.39 118 2_99 single "rep 1" 7 5 8 28 2639.1799544419137 21113.43963553531
129.45999999999998 314 5.1899999999999995 117 7_207 mixed "rep 1" 7 6 10 58 2494.412331406551 24944.12331406551
129.56 315 4.29 106 1_103 single "rep 1" 7 7 8 18 3020.04662004662 24160.37296037296
136.66 316 5.1899999999999995 114 2_58 mixed "rep 1" 7 8 10 28 2633.140655105973 26331.406551059732
118.76 317 4.89 106 2_139 mixed "rep 1" 7 9 10 28 2428.629856850716 24286.298568507158
72.36 318 4.989999999999999 118 2_124 mixed "rep 1" 7 10 10 28 1450.100200400802 14501.00200400802
72.66000000000001 319 3.8899999999999997 112 1_2 single "rep 1" 7 11 10 18 1867.8663239074554 18678.663239074554
91.36 320 5.39 117 1_65 single "rep 1" 7 12 9 18 1694.9907235621522 15254.91651205937
111.66000000000001 321 5.6899999999999995 118 7_14 mixed "rep 1" 7 13 10 58 1962.3901581722325 19623.901581722326
106.66000000000001 322 5.09 118 1_22 single "rep 1" 7 14 8 18 2095.481335952849 16763.85068762279
80.96000000000001 323 3.6899999999999995 106 60_4 single "rep 1" 7 15 10 0 2194.037940379404 21940.37940379404
89.96000000000001 324 4.59 118 1_124 mixed "rep 1" 7 16 5 18 1959.9128540305014 9799.564270152507
164.35999999999999 326 6.1899999999999995 114 1_22 mixed "rep 1" 7 18 10 18 2655.2504038772213 26552.50403877221
197.16 327 5.39 114 1_178 mixed "rep 1" 7 19 8 18 3657.8849721706865 29263.079777365492
93.86 328 4.6899999999999995 118 7_12 mixed "rep 1" 7 20 10 58 2001.2793176972282 20012.79317697228
102.46000000000001 329 4.6899999999999995 112 52_5_1 mixed "rep 1" 7 21 9 0 2184.6481876332628 19661.833688699364
37.36 330 4.489999999999999 117 1_19 single "rep 1" 7 22 10 18 832.0712694877507 8320.712694877508
70.16000000000001 331 4.6899999999999995 110 66_5 mixed "rep 1" 7 23 10 0 1495.9488272921112 14959.488272921113
154.85999999999999 332 5.79 117 7_38 single "rep 1" 7 24 9 58 2674.61139896373 24071.502590673572
179.76 333 4.6899999999999995 114 1_192_3 mixed "rep 1" 7 25 10 18 3832.8358208955224 38328.35820895522
119.36 334 4.79 119 2_84 single "rep 1" 7 26 10 28 2491.858037578288 24918.58037578288
62.559999999999995 335 4.989999999999999 132 3_196 single "rep 1" 7 27 10 50 1253.7074148296595 12537.074148296595
124.06000000000002 336 3.59 118 7_20 single "rep 1" 7 28 10 58 3455.7103064066855 34557.103064066854
72.16000000000001 337 4.79 124 1_135 single "rep 1" 7 29 7 18 1506.4718162839251 10545.302713987476
102.56 338 5.09 112 7_98 mixed "rep 1" 7 30 7 58 2014.9312377210217 14104.518664047151
48.66 339 4.29 114 7_20 mixed "rep 1" 7 31 10 58 1134.2657342657342 11342.657342657341
70.36 340 4.29 114 7_177 mixed "rep 1" 7 32 9 58 1640.09324009324 14760.83916083916
81.86 341 3.4899999999999993 124 2_173 single "rep 1" 7 33 9 28 2345.5587392550146 21110.028653295132
131.95999999999998 342 5.489999999999999 114 1_104 mixed "rep 1" 7 34 10 18 2403.6429872495446 24036.429872495446
108.66000000000001 343 4.59 113 1_24 single "rep 1" 7 35 7 18 2367.320261437909 16571.241830065363
101.96000000000001 344 4.6899999999999995 117 7_40 mixed "rep 1" 7 36 9 58 2173.987206823028 19565.884861407252
119.76 345 5.489999999999999 117 7_181 mixed "rep 1" 7 37 10 58 2181.420765027323 21814.20765027323
131.06 346 5.489999999999999 125 2_157 single "rep 1" 7 38 10 28 2387.2495446265943 23872.495446265944
65.56 347 3.29 114 1_162_3 single "rep 1" 7 39 10 18 1992.7051671732524 19927.051671732523
97.76 348 5.39 112 49_4 mixed "rep 1" 7 40 10 0 1813.7291280148424 18137.291280148424
65.86 349 5.39 118 1_212 mixed "rep 1" 7 41 10 18 1221.8923933209649 12218.923933209648
113.56 350 5.489999999999999 119 7_53 mixed "rep 1" 7 42 10 58 2068.4881602914393 20684.881602914393
79.36 351 4.39 114 1_165_3 single "rep 1" 7 43 10 18 1807.744874715262 18077.448747152623
20.96 353 5.6899999999999995 113 46_4_3 mixed "rep 1" 7 45 10 0 368.36555360281204 3683.6555360281204
147.95999999999998 354 4.1899999999999995 117 2_121 mixed "rep 1" 7 46 10 28 3531.2649164677805 35312.6491646778
124.66000000000001 355 5.79 105 2_202 mixed "rep 1" 7 47 8 28 2153.022452504318 17224.179620034545
86.76 356 5.1899999999999995 118 2_169 mixed "rep 1" 7 48 8 28 1671.676300578035 13373.41040462428
83.86 357 5.09 112 2_43 mixed "rep 1" 7 49 10 28 1647.5442043222004 16475.442043222003
127.86 358 5.79 119 7_18 mixed "rep 1" 7 50 9 58 2208.2901554404143 19874.61139896373
227.06 359 5.59 118 1_134 single "rep 1" 8 1 7 18 4061.8962432915923 28433.273703041144
51.76 360 4.79 110 1_110 mixed "rep 1" 8 2 9 18 1080.5845511482255 9725.26096033403
96.06 361 4.89 112 2_166 mixed "rep 1" 8 3 10 28 1964.4171779141104 19644.171779141103
106.86 362 4.989999999999999 117 2_183 mixed "rep 1" 8 4 10 28 2141.482965931864 21414.82965931864
172.26 363 5.29 117 2_99 mixed "rep 1" 8 5 10 28 3256.3327032136103 32563.327032136105
71.66000000000001 364 3.29 110 65_2 single "rep 1" 8 6 8 0 2178.1155015197573 17424.92401215806
168.66 365 4.89 117 3_87 mixed "rep 1" 8 7 7 50 3449.079754601227 24143.55828220859
81.36 366 5.09 118 7_12 single "rep 1" 8 8 10 58 1598.4282907662082 15984.282907662082
33.66 367 3.6899999999999995 124 7_126 single "rep 1" 8 9 9 58 912.1951219512196 8209.756097560976
66.26 368 5.59 117 7_198 mixed "rep 1" 8 10 8 58 1185.3309481216459 9482.647584973167
145.95999999999998 369 4.59 110 65_2 mixed "rep 1" 8 11 10 0 3179.9564270152505 31799.564270152507
101.96000000000001 370 4.79 119 1_118 mixed "rep 1" 8 12 5 18 2128.6012526096038 10643.006263048019
72.66000000000001 371 4.1899999999999995 118 58_3_3 single "rep 1" 8 13 10 0 1734.1288782816234 17341.288782816235
89.46000000000001 372 4.6899999999999995 119 7_40 single "rep 1" 8 14 9 58 1907.4626865671644 17167.16417910448
44.86 374 4.39 117 1_45 single "rep 1" 8 16 9 18 1021.8678815489751 9196.810933940777
83.36 375 3.4899999999999993 112 1_124 single "rep 1" 8 17 4 18 2388.5386819484247 9554.154727793699
92.26 376 5.489999999999999 124 2_175 single "rep 1" 8 18 9 28 1680.5100182149367 15124.59016393443
179.85999999999999 377 3.9899999999999993 114 1_14 mixed "rep 1" 8 19 10 18 4507.769423558898 45077.69423558898
97.06 378 4.1899999999999995 112 1_174 mixed "rep 1" 8 20 8 18 2316.4677804295948 18531.742243436758
74.46000000000001 379 4.6899999999999995 119 7_100 mixed "rep 1" 8 21 6 58 1587.6332622601283 9525.79957356077
158.35999999999999 380 5.29 118 7_198 single "rep 1" 8 22 10 58 2993.572778827977 29935.727788279768
111.96000000000001 381 4.79 114 3_118 single "rep 1" 8 23 8 50 2337.3695198329856 18698.956158663885
42.559999999999995 382 4.89 117 7_74 mixed "rep 1" 8 24 5 58 870.3476482617586 4351.7382413087935
132.26 383 5.1899999999999995 106 2_167 single "rep 1" 8 25 6 28 2548.3622350674373 15290.173410404623
124.86 384 4.6899999999999995 119 7_81 single "rep 1" 8 26 9 58 2662.26012793177 23960.341151385932
155.66 385 5.489999999999999 114 2_156 mixed "rep 1" 8 27 10 28 2835.3369763205833 28353.369763205832
48.66 386 5.1899999999999995 106 2_160 single "rep 1" 8 28 8 28 937.5722543352601 7500.578034682081
100.06 387 4.59 107 2_47 mixed "rep 1" 8 29 9 28 2179.956427015251 19619.60784313726
136.66 388 5.39 110 7_167 single "rep 1" 8 30 7 58 2535.43599257885 17748.05194805195
44.26 390 4.489999999999999 112 7_158 single "rep 1" 8 32 8 58 985.7461024498887 7885.968819599109
33.66 391 4.79 124 61_5_3 single "rep 1" 8 33 9 0 702.7139874739039 6324.425887265135
48.76 392 4.79 113 46_4_3 single "rep 1" 8 34 7 0 1017.9540709812109 7125.678496868476
79.96000000000001 393 5.59 114 2_58 single "rep 1" 8 35 8 28 1430.4114490161003 11443.291592128802
115.06 394 4.989999999999999 112 7_184 mixed "rep 1" 8 36 10 58 2305.8116232464936 23058.116232464934
90.16000000000001 395 4.09 114 1_189 single "rep 1" 8 37 10 18 2204.40097799511 22044.009779951102
85.36 397 5.1899999999999995 117 7_84 mixed "rep 1" 8 39 10 58 1644.7013487475917 16447.013487475917
74.46000000000001 398 5.09 106 60_4 mixed "rep 1" 8 40 10 0 1462.86836935167 14628.683693516701
112.66000000000001 399 4.989999999999999 124 1_126 single "rep 1" 8 41 1 18 2257.715430861724 2257.715430861724
55.660000000000004 400 4.6899999999999995 110 66_5 single "rep 1" 8 42 8 0 1186.7803837953093 9494.243070362474
65.86 401 4.39 106 2_62 mixed "rep 1" 8 43 9 28 1500.227790432802 13502.050113895219
156.35999999999999 402 4.29 112 2_123 mixed "rep 1" 8 44 10 28 3644.7552447552443 36447.55244755244
116.56 403 5.29 112 2_3 mixed "rep 1" 8 45 8 28 2203.4026465028355 17627.221172022684
129.45999999999998 405 5.1899999999999995 114 2_35 single "rep 1" 8 47 10 28 2494.412331406551 24944.12331406551
139.26 406 4.79 110 7_187 single "rep 1" 8 48 10 58 2907.3068893528184 29073.068893528183
82.96000000000001 407 3.3899999999999997 113 55_5_3 single "rep 1" 8 49 10 0 2447.1976401179945 24471.976401179945
83.36 408 4.29 121 3_9 single "rep 1" 8 50 9 50 1943.1235431235432 17488.11188811189
130.76 409 5.59 124 7_96 mixed "rep 1" 9 1 10 58 2339.1771019677994 23391.771019677995
182.45999999999998 410 4.989999999999999 117 7_67 mixed "rep 1" 9 2 10 58 3656.513026052104 36565.130260521044
105.06 411 5.39 118 2_30 mixed "rep 1" 9 3 9 28 1949.165120593692 17542.48608534323
126.86 412 5.6899999999999995 124 7_115 single "rep 1" 9 4 10 58 2229.5254833040426 22295.254833040424
93.36 413 5.1899999999999995 114 7_219 mixed "rep 1" 9 5 7 58 1798.8439306358384 12591.90751445087
142.06 414 5.6899999999999995 124 3_95 single "rep 1" 9 6 8 50 2496.6608084358527 19973.28646748682
97.87 415 4.989999999999999 114 1_172_2 mixed "rep 1" 9 7 8 18 1961.3226452905815 15690.581162324652
197.06 416 4.6899999999999995 112 1_172_2 single "rep 1" 9 8 10 18 4201.705756929638 42017.057569296376
109.06 417 4.79 124 7_177 single "rep 1" 9 9 7 58 2276.826722338205 15937.787056367435
147.16 418 4.6899999999999995 124 1_60_3 single "rep 1" 9 10 10 18 3137.7398720682304 31377.398720682304
67.16000000000001 419 4.39 118 1_200 single "rep 1" 9 11 9 18 1529.8405466970391 13768.564920273353
128.76 420 4.79 114 2_212 single "rep 1" 9 12 9 28 2688.1002087682673 24192.901878914407
176.76 421 4.489999999999999 117 1_131 single "rep 1" 9 13 10 18 3936.748329621381 39367.48329621381
126.46 422 5.29 110 2_219 mixed "rep 1" 9 14 7 28 2390.5482041587898 16733.83742911153
49.46 423 5.39 117 2_183 single "rep 1" 9 15 5 28 917.6252319109462 4588.126159554731
169.26 424 5.6899999999999995 112 64_5_1 single "rep 1" 9 16 9 0 2974.69244288225 26772.23198594025
39.559999999999995 425 4.89 117 1_56 mixed "rep 1" 9 17 10 18 808.9979550102248 8089.979550102248
101.86 426 4.989999999999999 117 1_148 mixed "rep 1" 9 18 9 18 2041.2825651302608 18371.543086172347
51.26 427 4.39 117 2_37 single "rep 1" 9 19 10 28 1167.6537585421413 11676.537585421413
67.86 428 4.79 121 7_86 single "rep 1" 9 20 10 58 1416.7014613778706 14167.014613778705
89.76 429 5.29 117 1_156 mixed "rep 1" 9 21 10 18 1696.7863894139887 16967.863894139886
87.06 430 4.59 118 1_135 mixed "rep 1" 9 22 7 18 1896.732026143791 13277.124183006537
94.46000000000001 431 4.6899999999999995 114 1_130 single "rep 1" 9 23 9 18 2014.07249466951 18126.65245202559
115.76 432 4.59 117 1_195_3 mixed "rep 1" 9 24 6 18 2522.004357298475 15132.02614379085
135.56 433 4.89 117 1_157 mixed "rep 1" 9 25 9 18 2772.188139059305 24949.693251533743
67.66000000000001 434 4.489999999999999 124 2_146 single "rep 1" 9 26 8 28 1506.9042316258356 12055.233853006685
74.16000000000001 435 5.1899999999999995 117 3_79 single "rep 1" 9 27 7 50 1428.9017341040467 10002.312138728326
36.559999999999995 436 4.29 114 70_4_1 mixed "rep 1" 9 28 10 0 852.2144522144521 8522.144522144521
63.85999999999999 437 3.6899999999999995 117 55_5_3 mixed "rep 1" 9 29 10 0 1730.6233062330623 17306.233062330622
95.46000000000001 438 4.59 110 53_5 mixed "rep 1" 9 30 8 0 2079.738562091504 16637.90849673203
52.16 440 3.8899999999999997 112 1_75 mixed "rep 1" 9 32 4 18 1340.8740359897172 5363.496143958869
85.26 441 5.29 106 2_17 single "rep 1" 9 33 10 28 1611.7202268431001 16117.202268431001
105.66000000000001 443 4.89 114 1_187 mixed "rep 1" 9 35 10 18 2160.7361963190187 21607.36196319019
85.66000000000001 446 4.59 112 1_112_2 mixed "rep 1" 9 38 9 18 1866.2309368191725 16796.078431372553
113.16000000000001 447 5.1899999999999995 112 2_104 mixed "rep 1" 9 39 9 28 2180.346820809249 19623.12138728324
78.76 448 5.1899999999999995 117 50_3 mixed "rep 1" 9 40 10 0 1517.5337186897882 15175.337186897883
115.06 450 5.89 117 2_175 mixed "rep 1" 9 42 10 28 1953.4804753820035 19534.804753820034
146.16 451 4.989999999999999 117 7_86 mixed "rep 1" 9 43 10 58 2929.058116232465 29290.581162324652
125.06000000000002 452 5.09 119 7_170 single "rep 1" 9 44 10 58 2456.974459724951 24569.74459724951
114.26 453 5.1899999999999995 117 1_24 mixed "rep 1" 9 45 9 18 2201.541425818883 19813.872832369947
83.06 454 5.39 117 3_196 mixed "rep 1" 9 46 6 50 1541.0018552875697 9246.011131725418
119.86 456 4.79 117 2_34 mixed "rep 1" 9 48 10 28 2502.2964509394574 25022.964509394573
46.36 457 3.29 132 70_4_1 single "rep 1" 9 49 7 0 1409.1185410334347 9863.829787234043
90.16000000000001 458 4.09 112 7_44 single "rep 1" 9 50 8 58 2204.40097799511 17635.20782396088
118.26 459 5.89 117 1_206 mixed "rep 1" 10 1 9 18 2007.809847198642 18070.28862478778
12.56 460 3.8899999999999997 134 72_7_1 single "rep 1" 10 2 8 0 322.87917737789206 2583.0334190231365
126.26 461 4.79 112 3_4 mixed "rep 1" 10 3 12 50 2635.9081419624217 31630.89770354906
115.56 462 5.39 112 2_163 mixed "rep 1" 10 4 10 28 2143.970315398887 21439.70315398887
160.45999999999998 463 5.489999999999999 110 2_77 mixed "rep 1" 10 5 9 28 2922.768670309654 26304.91803278689
138.06 464 5.489999999999999 114 2_64 mixed "rep 1" 10 6 10 28 2514.7540983606564 25147.540983606563
137.35999999999999 465 5.39 124 54_5 single "rep 1" 10 7 10 0 2548.4230055658627 25484.230055658627
107.76 466 5.09 112 1_17_2 mixed "rep 1" 10 8 9 18 2117.092337917485 19053.831041257366
103.46000000000001 467 4.59 117 58_3_3 mixed "rep 1" 10 9 10 0 2254.030501089325 22540.305010893248
128.76 468 5.6899999999999995 110 2_219 single "rep 1" 10 10 8 28 2262.9173989455185 18103.339191564148
60.559999999999995 469 4.59 118 7_174 single "rep 1" 10 11 6 58 1319.3899782135077 7916.339869281046
145.45999999999998 470 5.489999999999999 117 7_165 mixed "rep 1" 10 12 10 58 2649.544626593807 26495.446265938073
193.56 471 4.59 110 53_5 single "rep 1" 10 13 7 0 4216.993464052288 29518.954248366015
91.06 472 5.29 117 1_116 mixed "rep 1" 10 14 10 18 1721.3610586011341 17213.610586011342
80.96000000000001 473 4.489999999999999 114 7_18 single "rep 1" 10 15 9 58 1803.1180400890871 16228.062360801785
32.86 474 3.59 124 2_111 single "rep 1" 10 16 10 28 915.3203342618384 9153.203342618384
93.86 475 4.1899999999999995 118 69_5_1 mixed "rep 1" 10 17 7 0 2240.095465393795 15680.668257756566
111.26 476 5.79 117 1_221 single "rep 1" 10 18 4 18 1921.588946459413 7686.355785837652
147.66 477 5.39 112 7_141 mixed "rep 1" 10 19 8 58 2739.517625231911 21916.14100185529
129.66 478 4.989999999999999 119 2_13 single "rep 1" 10 20 10 28 2598.3967935871747 25983.967935871748
83.26 479 4.989999999999999 117 7_190 mixed "rep 1" 10 21 9 58 1668.5370741482968 15016.833667334671
41.96 480 5.29 117 2_6 mixed "rep 1" 10 22 9 28 793.194706994329 7138.752362948961
172.16 481 5.09 117 7_51 mixed "rep 1" 10 23 9 58 3382.318271119843 30440.864440078585
119.46 482 4.79 119 7_31 single "rep 1" 10 24 9 58 2493.945720250522 22445.511482254697
77.26 483 3.59 119 1_19 mixed "rep 1" 10 25 10 18 2152.089136490251 21520.89136490251
68.26 484 4.6899999999999995 119 1_7_1 single "rep 1" 10 26 10 18 1455.4371002132198 14554.371002132197
92.96000000000001 485 5.1899999999999995 106 2_74 mixed "rep 1" 10 27 5 28 1791.1368015414262 8955.68400770713
119.96 486 4.59 114 1_78 single "rep 1" 10 28 10 18 2613.507625272331 26135.07625272331
46.059999999999995 487 4.489999999999999 132 3_112 single "rep 1" 10 29 10 50 1025.835189309577 10258.351893095769
32.26 488 4.39 117 1_100 single "rep 1" 10 30 3 18 734.8519362186788 2204.5558086560363
21.659999999999997 489 3.59 112 1_214 mixed "rep 1" 10 31 8 18 603.342618384401 4826.740947075208
125.76 490 4.79 112 1_58 single "rep 1" 10 32 1 18 2625.469728601253 2625.469728601253
24.259999999999998 491 3.6899999999999995 124 49_4 single "rep 1" 10 33 10 0 657.4525745257453 6574.525745257452
136.85999999999999 493 5.489999999999999 112 2_84 mixed "rep 1" 10 35 8 28 2492.8961748633883 19943.169398907106
143.35999999999999 494 5.59 117 7_115 mixed "rep 1" 10 36 3 58 2564.5796064400715 7693.738819320215
60.160000000000004 495 5.29 106 51_5_3 mixed "rep 1" 10 37 7 0 1137.2400756143668 7960.680529300567
90.96000000000001 496 4.79 112 7_98 single "rep 1" 10 38 9 58 1898.9561586638833 17090.60542797495
92.46000000000001 498 4.39 117 7_51 single "rep 1" 10 40 10 58 2106.1503416856494 21061.503416856496
103.66000000000001 499 4.6899999999999995 112 2_79 mixed "rep 1" 10 41 8 28 2210.2345415778254 17681.876332622604
70.06 500 5.6899999999999995 119 7_97 single "rep 1" 10 42 8 58 1231.2829525483305 9850.263620386644
82.86 501 5.989999999999999 118 1_193_3 mixed "rep 1" 10 43 5 18 1383.3055091819701 6916.52754590985
111.86 502 5.39 117 7_7 mixed "rep 1" 10 44 8 58 2075.3246753246754 16602.597402597403
90.56 503 4.1899999999999995 117 45_3_2 mixed "rep 1" 10 45 10 0 2161.336515513127 21613.36515513127
74.06 504 4.79 118 1_83 single "rep 1" 10 46 10 18 1546.1377870563676 15461.377870563676
122.76 505 4.79 113 1_74 mixed "rep 1" 10 47 5 18 2562.839248434238 12814.19624217119
114.86 506 4.59 119 1_157 single "rep 1" 10 48 8 18 2502.3965141612202 20019.172113289762
100.66000000000001 507 4.489999999999999 112 2_120 mixed "rep 1" 10 49 10 28 2241.8708240534525 22418.708240534525
149.85999999999999 508 4.29 117 1_178 single "rep 1" 10 50 10 18 3493.240093240093 34932.40093240093
185.95999999999998 509 5.1899999999999995 110 1_107 mixed "rep 1" 11 1 10 18 3583.044315992293 35830.44315992293
172.16 510 5.79 118 7_95 single "rep 1" 11 2 10 58 2973.4024179620033 29734.02417962003
130.45999999999998 511 5.489999999999999 117 7_158 mixed "rep 1" 11 3 10 58 2376.32058287796 23763.205828779603
176.35999999999999 512 4.79 112 2_89 mixed "rep 1" 11 4 10 28 3681.8371607515655 36818.371607515655
62.559999999999995 513 5.59 119 3_72 mixed "rep 1" 11 5 10 50 1119.1413237924864 11191.413237924864
85.36 514 4.89 119 7_211 mixed "rep 1" 11 6 10 58 1745.60327198364 17456.0327198364
113.76 515 4.89 119 48_5 mixed "rep 1" 11 7 10 0 2326.3803680981596 23263.803680981597
103.66000000000001 517 5.6899999999999995 110 1_17_2 single "rep 1" 11 9 10 18 1821.7926186291745 18217.926186291745
112.66000000000001 518 4.6899999999999995 117 3_104 single "rep 1" 11 10 10 50 2402.1321961620474 24021.321961620473
121.56000000000002 519 4.489999999999999 111 2_104 single "rep 1" 11 11 5 28 2707.349665924277 13536.748329621385
31.159999999999997 520 3.29 134 56_5 single "rep 1" 11 12 8 0 947.112462006079 7576.899696048632
230.06 521 5.59 112 2_148 mixed "rep 1" 11 13 1 28 4115.563506261181 4115.563506261181
103.06 522 4.79 117 1_221 mixed "rep 1" 11 14 10 18 2151.5657620041757 21515.657620041755
122.06000000000002 523 4.6899999999999995 118 2_124 single "rep 2" 12 1 8 28 2602.558635394457 20820.469083155655
179.76 524 4.989999999999999 114 2_35 mixed "rep 2" 12 2 8 28 3602.4048096192387 28819.23847695391
74.76 525 5.29 114 1_193_3 single "rep 2" 12 3 9 18 1413.2325141776937 12719.092627599242
178.76 526 5.09 110 2_77 single "rep 2" 12 4 10 28 3511.984282907662 35119.84282907662
94.36 527 4.59 112 57_4_2 single "rep 2" 12 5 9 0 2055.773420479303 18501.960784313724
161.85999999999999 528 5.489999999999999 105 7_87 mixed "rep 2" 12 6 8 58 2948.2695810564664 23586.15664845173
152.85999999999999 529 5.09 110 1_137 single "rep 2" 12 7 8 18 3003.143418467583 24025.147347740665
132.35999999999999 530 4.09 124 2_217 single "rep 2" 12 8 8 28 3236.1858190709045 25889.486552567236
128.35999999999999 531 6.589999999999999 112 1_92 mixed "rep 2" 12 9 8 18 1947.7996965098637 15582.39757207891
145.35999999999999 532 6.39 119 2_30 single "rep 2" 12 10 8 28 2274.8043818466354 18198.435054773083
82.06 533 4.39 124 2_6 single "rep 2" 12 11 9 28 1869.2482915717542 16823.23462414579
114.16000000000001 534 4.89 113 7_34 single "rep 2" 12 12 10 58 2334.560327198364 23345.60327198364
114.76 535 5.39 124 47_4 single "rep 2" 12 13 8 0 2129.1280148423007 17033.024118738405
83.26 536 4.1899999999999995 107 1_158 single "rep 2" 12 14 10 18 1987.1121718377092 19871.121718377093
10.959999999999999 537 3.1899999999999995 107 2_167 mixed "rep 2" 12 15 7 28 343.5736677115987 2405.015673981191
57.559999999999995 538 4.29 107 2_148 single "rep 2" 12 16 7 28 1341.7249417249416 9392.07459207459
43.66 539 5.29 119 7_95 mixed "rep 2" 12 17 4 58 825.3308128544422 3301.323251417769
168.76 540 5.39 112 1_206 single "rep 2" 12 18 10 18 3130.983302411874 31309.83302411874
82.76 541 4.489999999999999 110 7_69 mixed "rep 2" 12 19 10 58 1843.2071269487753 18432.071269487755
84.56 542 5.489999999999999 119 1_56 single "rep 2" 12 20 9 18 1540.2550091074684 13862.295081967215
113.96000000000001 543 3.79 110 2_137 single "rep 2" 12 21 9 28 3006.8601583113455 27061.74142480211
89.86 544 4.989999999999999 117 2_169 single "rep 2" 12 22 7 28 1800.8016032064131 12605.611222444892
152.35999999999999 545 4.6899999999999995 112 7_69 single "rep 2" 12 23 3 58 3248.6140724946695 9745.842217484009
104.56 546 4.09 119 61_5_3 mixed "rep 2" 12 24 5 0 2556.4792176039123 12782.396088019561
119.96 547 5.29 119 7_11 mixed "rep 2" 12 25 8 58 2267.674858223062 18141.398865784497
123.06000000000002 548 5.29 124 7_10 single "rep 2" 12 26 10 58 2326.2759924385637 23262.75992438564
95.66000000000001 549 4.39 110 1_61 single "rep 2" 12 27 9 18 2179.043280182233 19611.389521640096
90.56 550 4.39 124 1_148 single "rep 2" 12 28 10 18 2062.870159453303 20628.70159453303
123.16000000000001 551 5.489999999999999 119 7_10 mixed "rep 2" 12 29 6 58 2243.3515482695816 13460.109289617489
54.26 552 5.29 132 2_44 mixed "rep 2" 12 30 10 28 1025.7088846880906 10257.088846880906
75.06 553 3.59 117 7_31 mixed "rep 2" 12 31 10 58 2090.807799442897 20908.077994428968
30.86 554 3.79 124 7_67 single "rep 2" 12 32 10 58 814.2480211081794 8142.480211081794
164.35999999999999 555 5.59 110 2_170 single "rep 2" 12 33 9 28 2940.250447227191 26462.25402504472
141.35999999999999 556 3.8899999999999997 114 1_89_2 single "rep 2" 12 34 10 18 3633.9331619537274 36339.331619537275
94.26 557 4.29 132 2_142 single "rep 2" 12 35 5 28 2197.2027972027972 10986.013986013986
41.46 558 4.6899999999999995 113 1_191 mixed "rep 2" 12 36 5 18 884.0085287846482 4420.0426439232415
135.26 559 4.489999999999999 117 2_89 single "rep 2" 12 37 10 28 3012.4721603563476 30124.721603563477
46.76 560 4.6899999999999995 132 59_5_1 mixed "rep 2" 12 38 10 0 997.0149253731344 9970.149253731344
138.06 561 5.6899999999999995 112 2_56 mixed "rep 2" 12 39 1 28 2426.362038664324 2426.362038664324
66.66000000000001 562 5.29 113 7_174 mixed "rep 2" 12 40 7 58 1260.1134215500947 8820.793950850662
114.26 563 5.6899999999999995 117 3_207 mixed "rep 2" 12 41 10 50 2008.0843585237262 20080.843585237264
122.36 564 5.59 117 50_3 single "rep 2" 12 42 9 0 2188.908765652952 19700.178890876567
49.46 565 4.39 121 59_5_1 single "rep 2" 12 43 6 0 1126.6514806378134 6759.90888382688
92.36 566 5.89 132 7_131 single "rep 2" 12 44 9 58 1568.0814940577252 14112.733446519527
132.66 567 5.489999999999999 107 7_34 mixed "rep 2" 12 45 10 58 2416.393442622951 24163.934426229513
141.56 568 5.1899999999999995 110 1_84 mixed "rep 2" 12 46 1 18 2727.5529865125245 2727.5529865125245
123.16000000000001 569 5.59 117 7_14 single "rep 2" 12 47 10 58 2203.2200357781758 22032.20035778176
130.35999999999999 570 4.489999999999999 114 2_110 single "rep 2" 12 48 10 28 2903.340757238307 29033.407572383072
44.16 571 3.6899999999999995 110 68_3_1 single "rep 2" 12 49 10 0 1196.7479674796748 11967.479674796748
138.56 572 3.9899999999999993 113 3_67 mixed "rep 2" 12 50 9 50 3472.6817042606526 31254.135338345874
96.56 573 5.29 124 7_93 single "rep 2" 13 1 10 58 1825.3308128544422 18253.30812854442
148.76 574 4.79 110 1_95 single "rep 2" 13 2 10 18 3105.6367432150314 31056.367432150313
150.16 575 5.39 110 3_4 single "rep 2" 13 3 7 50 2785.899814471243 19501.298701298703
90.66000000000001 576 5.1899999999999995 113 7_44 mixed "rep 2" 13 4 10 58 1746.8208092485554 17468.208092485555
62.160000000000004 577 4.59 118 2_144 mixed "rep 2" 13 5 10 28 1354.248366013072 13542.48366013072
226.95999999999998 578 5.09 110 1_169 mixed "rep 2" 13 6 9 18 4458.9390962671905 40130.451866404714
139.85999999999999 579 5.59 112 3_79 mixed "rep 2" 13 7 10 50 2501.967799642218 25019.67799642218
100.46000000000001 580 4.989999999999999 119 3_112 mixed "rep 2" 13 8 6 50 2013.226452905812 12079.358717434872
66.36 581 4.39 110 52_5_1 single "rep 2" 13 9 10 0 1511.6173120728931 15116.17312072893
125.16000000000001 582 3.3899999999999997 119 7_163 single "rep 2" 13 10 10 58 3692.035398230089 36920.35398230089
136.06 583 3.8899999999999997 110 1_192_3 single "rep 2" 13 11 8 18 3497.686375321337 27981.491002570696
144.16 584 4.39 112 1_177 single "rep 2" 13 12 5 18 3283.826879271071 16419.134396355355
152.16 585 5.6899999999999995 119 2_106 mixed "rep 2" 13 13 10 28 2674.1652021089635 26741.652021089634
127.06000000000002 586 5.1899999999999995 117 56_5 mixed "rep 2" 13 14 9 0 2448.169556840078 22033.5260115607
146.76 587 5.29 112 1_136 mixed "rep 2" 13 15 3 18 2774.291115311909 8322.873345935726
174.45999999999998 588 5.1899999999999995 110 1_128 mixed "rep 2" 13 16 10 18 3361.464354527938 33614.64354527938
53.26 589 4.489999999999999 132 2_117 single "rep 2" 13 17 9 28 1186.1915367483298 10675.723830734969
182.45999999999998 590 5.39 124 3_146 single "rep 2" 13 18 10 50 3385.1576994434135 33851.57699443414
88.76 591 5.09 113 1_51_1 single "rep 2" 13 19 6 18 1743.8113948919452 10462.86836935167
119.36 592 4.989999999999999 114 2_81 mixed "rep 2" 13 20 9 28 2391.983967935872 21527.855711422846
111.96000000000001 594 4.89 114 1_189 mixed "rep 2" 13 22 9 18 2289.5705521472396 20606.134969325158
120.26 595 4.6899999999999995 113 1_162_3 mixed "rep 2" 13 23 10 18 2564.1791044776123 25641.791044776124
154.35999999999999 596 5.6899999999999995 119 64_5_1 mixed "rep 2" 13 24 9 0 2712.829525483304 24415.465729349737
83.36 597 4.79 124 7_102 single "rep 2" 13 25 9 58 1740.2922755741129 15662.630480167016
108.76 598 4.989999999999999 132 7_211 single "rep 2" 13 26 10 58 2179.5591182364733 21795.591182364733
215.45999999999998 599 4.89 110 2_66 mixed "rep 2" 13 27 10 28 4406.134969325153 44061.34969325153
147.06 600 5.6899999999999995 114 3_169 mixed "rep 2" 13 28 10 50 2584.534270650264 25845.342706502637
122.66000000000001 601 5.6899999999999995 119 7_173 mixed "rep 2" 13 29 10 58 2155.711775043937 21557.11775043937
163.45999999999998 602 4.59 110 1_16_2 single "rep 2" 13 30 9 18 3561.2200435729847 32050.98039215686
147.06 603 5.989999999999999 105 2_160 mixed "rep 2" 13 31 5 28 2455.0918196994994 12275.459098497497
66.06 604 4.39 112 1_112_2 single "rep 2" 13 32 8 18 1504.7835990888384 12038.268792710707
138.76 605 4.6899999999999995 112 1_8 mixed "rep 2" 13 33 10 18 2958.6353944562898 29586.3539445629
149.95999999999998 606 4.59 114 1_99 single "rep 2" 13 34 10 18 3267.1023965141612 32671.023965141612
75.16000000000001 608 4.6899999999999995 124 3_169 single "rep 2" 13 36 1 50 1602.5586353944566 1602.5586353944566
142.66 609 4.59 114 7_58 single "rep 2" 13 37 10 58 3108.0610021786492 31080.61002178649
148.95999999999998 610 5.1899999999999995 125 7_74 single "rep 2" 13 38 9 58 2870.134874759152 25831.213872832366
59.559999999999995 611 5.09 117 1_133 single "rep 2" 13 39 7 18 1170.1375245579566 8190.962671905696
162.85999999999999 612 4.89 114 2_146 mixed "rep 2" 13 40 9 28 3330.4703476482614 29974.233128834352
135.85999999999999 613 5.489999999999999 117 7_93 mixed "rep 2" 13 41 4 58 2474.681238615665 9898.72495446266
207.16 614 5.09 117 1_74 single "rep 2" 13 42 8 18 4069.9410609037327 32559.52848722986
52.059999999999995 615 5.79 106 2_62 single "rep 2" 13 43 9 28 899.1364421416234 8092.227979274611
109.66000000000001 617 4.6899999999999995 112 1_218 single "rep 2" 13 45 8 18 2338.1663113006402 18705.330490405122
124.16000000000001 618 5.489999999999999 124 7_65 single "rep 2" 13 46 10 58 2261.5664845173046 22615.664845173047
98.16000000000001 619 5.09 112 2_110 mixed "rep 2" 13 47 9 28 1928.4872298624757 17356.38506876228
105.46000000000001 620 4.79 112 67_3_3 mixed "rep 2" 13 48 8 0 2201.6701461377875 17613.3611691023
128.26 621 4.989999999999999 112 2_64 single "rep 2" 13 49 10 28 2570.3406813627257 25703.406813627258
56.559999999999995 622 5.489999999999999 118 1_179_1 single "rep 2" 13 50 10 18 1030.2367941712205 10302.367941712204
167.85999999999999 623 5.59 114 2_195 mixed "rep 2" 14 1 10 28 3002.8622540250444 30028.622540250442
130.26 624 5.1899999999999995 113 1_203 mixed "rep 2" 14 2 10 18 2509.826589595376 25098.26589595376
141.56 625 5.59 106 2_132 mixed "rep 2" 14 3 9 28 2532.3792486583184 22791.413237924866
161.35999999999999 626 5.29 117 47_4 mixed "rep 2" 14 4 10 0 3050.283553875236 30502.835538752362
168.16 627 4.89 111 7_184 single "rep 2" 14 5 9 58 3438.8548057259713 30949.693251533743
50.059999999999995 628 4.89 110 2_138 mixed "rep 2" 14 6 10 28 1023.721881390593 10237.21881390593
47.46 629 4.6899999999999995 118 1_114_2 single "rep 2" 14 7 8 18 1011.9402985074628 8095.522388059702
103.86 630 4.489999999999999 114 2_217 mixed "rep 2" 14 8 8 28 2313.1403118040093 18505.122494432075
82.36 631 4.489999999999999 112 1_45 mixed "rep 2" 14 9 10 18 1834.2984409799556 18342.984409799556
124.36 632 4.79 112 63_4 mixed "rep 2" 14 10 10 0 2596.242171189979 25962.42171189979
212.85999999999999 633 5.6899999999999995 106 1_84 single "rep 2" 14 11 7 18 3740.9490333919157 26186.64323374341
176.45999999999998 634 5.1899999999999995 110 1_75 single "rep 2" 14 12 10 18 3400 34000
103.96000000000001 635 4.989999999999999 117 1_92 single "rep 2" 14 13 9 18 2083.3667334669344 18750.30060120241
138.66 636 4.989999999999999 107 1_158 mixed "rep 2" 14 14 10 18 2778.7575150300604 27787.575150300603
127.56000000000002 637 4.989999999999999 119 2_90 single "rep 2" 14 15 10 28 2556.3126252505017 25563.12625250502
81.06 638 5.39 112 1_165_3 mixed "rep 2" 14 16 10 18 1503.896103896104 15038.96103896104
89.46000000000001 639 5.79 112 7_214 single "rep 2" 14 17 10 58 1545.077720207254 15450.77720207254
122.36 640 5.1899999999999995 124 7_207 single "rep 2" 14 18 10 58 2357.6107899807325 23576.107899807324
211.76 641 5.59 114 1_3 mixed "rep 2" 14 19 1 18 3788.1932021466905 3788.1932021466905
94.96000000000001 642 4.89 114 1_18 mixed "rep 2" 14 20 9 18 1941.9222903885482 17477.300613496933
97.36 643 4.1899999999999995 114 2_173 mixed "rep 2" 14 21 9 28 2323.627684964201 20912.64916467781
96.36 644 4.59 114 54_5 mixed "rep 2" 14 22 10 0 2099.346405228758 20993.46405228758
173.35999999999999 645 5.39 112 2_166 single "rep 2" 14 23 10 28 3216.326530612245 32163.26530612245
116.46000000000001 646 5.1899999999999995 119 7_181 single "rep 2" 14 24 10 58 2243.9306358381505 22439.306358381506
135.56 647 4.89 110 1_120 mixed "rep 2" 14 25 10 18 2772.188139059305 27721.881390593047
160.66 648 5.09 117 2_37 mixed "rep 2" 14 26 8 28 3156.385068762279 25251.08055009823
123.86 649 5.1899999999999995 112 1_8 single "rep 2" 14 27 10 18 2386.5125240847788 23865.12524084779
83.96000000000001 650 4.989999999999999 114 1_6 mixed "rep 2" 14 28 8 18 1682.5651302605215 13460.521042084172
81.66000000000001 652 5.09 112 7_102 mixed "rep 2" 14 30 10 58 1604.3222003929275 16043.222003929275
72.76 653 4.89 119 1_107 single "rep 2" 14 31 9 18 1487.9345603271986 13391.411042944786
58.160000000000004 654 3.59 117 2_125 mixed "rep 2" 14 32 10 28 1620.0557103064068 16200.557103064068
128.16 655 5.6899999999999995 119 1_3 single "rep 2" 14 33 10 18 2252.3725834797892 22523.725834797893
73.26 656 4.29 114 1_93 mixed "rep 2" 14 34 10 18 1707.6923076923078 17076.923076923078
114.16000000000001 657 5.29 117 2_19 single "rep 2" 14 35 9 28 2158.0340264650285 19422.306238185258
82.46000000000001 658 4.489999999999999 117 2_85 single "rep 2" 14 36 10 28 1836.5256124721607 18365.256124721607
76.36 659 5.489999999999999 124 2_44 single "rep 2" 14 37 10 28 1390.8925318761387 13908.925318761387
111.96000000000001 660 5.489999999999999 119 7_118 single "rep 2" 14 38 10 58 2039.3442622950824 20393.442622950824
97.46000000000001 661 5.1899999999999995 112 1_113 mixed "rep 2" 14 39 10 18 1877.8420038535648 18778.42003853565
171.16 662 4.79 112 7_58 mixed "rep 2" 14 40 9 58 3573.2776617954073 32159.498956158666
88.96000000000001 663 4.79 112 1_130 mixed "rep 2" 14 41 8 18 1857.2025052192068 14857.620041753655
99.66000000000001 664 4.489999999999999 112 1_133 mixed "rep 2" 14 42 10 18 2219.5991091314036 22195.991091314034
105.46000000000001 665 5.989999999999999 112 1_58 mixed "rep 2" 14 43 10 18 1760.6010016694493 17606.010016694494
117.36 666 5.1899999999999995 117 3_158 single "rep 2" 14 44 7 50 2261.2716763005783 15828.901734104049
143.35999999999999 667 5.989999999999999 110 1_214 single "rep 2" 14 45 8 18 2393.322203672788 19146.577629382304
62.660000000000004 668 5.59 112 1_95 mixed "rep 2" 14 46 10 18 1120.9302325581396 11209.302325581395
103.26 669 5.489999999999999 112 68_3_1 mixed "rep 2" 14 47 10 0 1880.874316939891 18808.74316939891
112.96000000000001 670 5.09 112 3_118 mixed "rep 2" 14 48 10 50 2219.253438113949 22192.53438113949
91.46000000000001 671 4.989999999999999 117 2_157 mixed "rep 2" 14 49 10 28 1832.8657314629263 18328.657314629265
191.76 673 4.989999999999999 118 2_144 single "rep 2" 15 1 10 28 3842.8857715430863 38428.857715430866
103.76 674 5.59 124 7_94 single "rep 2" 15 2 10 58 1856.1717352415028 18561.717352415028
150.56 675 5.59 112 7_176 single "rep 2" 15 3 8 58 2693.381037567084 21547.048300536673
125.46 676 5.89 119 2_34 single "rep 2" 15 4 5 28 2130.050933786078 10650.25466893039
86.96000000000001 677 5.489999999999999 112 7_65 mixed "rep 2" 15 5 9 58 1583.970856102004 14255.737704918036
130.35999999999999 678 5.29 118 2_171 mixed "rep 2" 15 6 10 28 2464.2722117202266 24642.722117202266
106.86 679 4.79 112 2_156 single "rep 2" 15 7 10 28 2230.8977035490607 22308.977035490607
101.16000000000001 680 4.489999999999999 112 7_141 single "rep 2" 15 8 10 58 2253.006681514477 22530.066815144768
64.06 681 4.39 119 2_106 single "rep 2" 15 9 10 28 1459.225512528474 14592.255125284739
65.76 682 4.29 132 67_3_3 single "rep 2" 15 10 10 0 1532.867132867133 15328.671328671331
87.56 683 5.29 118 2_20 mixed "rep 2" 15 11 10 28 1655.1984877126654 16551.984877126655
159.85999999999999 684 5.79 113 2_119 single "rep 2" 15 12 10 28 2760.9671848013813 27609.671848013815
102.66000000000001 685 4.79 106 2_202 single "rep 2" 15 13 9 28 2143.2150313152406 19288.935281837166
91.76 686 5.09 112 2_209 mixed "rep 2" 15 14 7 28 1802.7504911591357 12619.25343811395
88.86 687 5.29 112 7_187 mixed "rep 2" 15 15 7 58 1679.7731568998108 11758.412098298675
131.16 688 5.59 117 7_84 single "rep 2" 15 16 9 58 2346.3327370304114 21116.9946332737
73.86 689 5.989999999999999 117 2_3 single "rep 2" 15 17 6 28 1233.0550918196996 7398.330550918197
55.26 690 3.79 124 2_123 single "rep 2" 15 18 9 28 1458.0474934036938 13122.427440633244
123.26 691 5.89 112 2_138 single "rep 2" 15 19 10 28 2092.6994906621394 20926.994906621396
203.06 692 5.489999999999999 114 1_78 mixed "rep 2" 15 20 10 18 3698.72495446266 36987.249544626604
107.56 693 5.29 114 7_152 mixed "rep 2" 15 21 10 58 2033.2703213610584 20332.703213610584
113.86 694 5.29 118 1_136 single "rep 2" 15 22 10 18 2152.362948960302 21523.629489603023
147.66 695 4.89 105 2_47 single "rep 2" 15 23 7 28 3019.6319018404906 21137.423312883435
76.06 696 4.989999999999999 121 2_108 single "rep 2" 15 24 4 28 1524.2484969939883 6096.993987975953
127.36 697 4.59 112 7_126 mixed "rep 2" 15 25 9 58 2774.727668845316 24972.549019607846
136.85999999999999 698 5.79 114 1_47_1 mixed "rep 2" 15 26 9 18 2363.7305699481863 21273.575129533678
103.26 699 5.39 114 1_7_1 mixed "rep 2" 15 27 10 18 1915.769944341373 19157.69944341373
63.160000000000004 700 4.29 112 1_93 single "rep 2" 15 28 10 18 1472.2610722610723 14722.610722610723
127.26 701 5.79 112 2_90 mixed "rep 2" 15 29 8 28 2197.9274611398964 17583.41968911917
155.85999999999999 702 4.79 110 2_66 single "rep 2" 15 30 8 28 3253.8622129436326 26030.89770354906
89.06 703 5.09 118 1_18 single "rep 2" 15 31 10 18 1749.705304518664 17497.05304518664
175.85999999999999 704 4.89 118 2_120 single "rep 2" 15 32 6 28 3596.3190184049076 21577.914110429447
99.76 705 4.989999999999999 112 7_170 mixed "rep 2" 15 33 10 58 1999.1983967935876 19991.983967935877
124.66000000000001 706 5.79 112 1_134 mixed "rep 2" 15 34 10 18 2153.022452504318 21530.22452504318
88.06 707 5.09 118 1_212 single "rep 2" 15 35 10 18 1730.0589390962673 17300.589390962672
179.76 708 4.59 112 1_99 mixed "rep 2" 15 36 10 18 3916.339869281046 39163.39869281046
75.16000000000001 709 6.1899999999999995 124 1_98 single "rep 2" 15 37 10 18 1214.2164781906304 12142.164781906304
136.35999999999999 710 5.29 112 2_100 single "rep 2" 15 38 7 28 2577.6937618147444 18043.85633270321
91.46000000000001 711 4.59 110 1_120 single "rep 2" 15 39 8 18 1992.5925925925928 15940.740740740743
136.35999999999999 712 5.6899999999999995 118 3_186 single "rep 2" 15 40 10 50 2396.4850615114237 23964.850615114236
161.56 713 5.489999999999999 112 7_165 single "rep 2" 15 41 10 58 2942.80510018215 29428.0510018215
60.26 714 5.1899999999999995 112 1_147_1 single "rep 2" 15 42 10 18 1161.078998073218 11610.78998073218
53.26 715 4.59 118 3_87 single "rep 2" 15 43 10 50 1160.3485838779957 11603.485838779958
162.06 716 5.989999999999999 118 7_7 single "rep 2" 15 44 9 58 2705.50918196995 24349.582637729553
142.35999999999999 717 4.489999999999999 117 63_4 single "rep 2" 15 45 10 0 3170.601336302895 31706.01336302895
103.56 718 3.6899999999999995 110 2_212 mixed "rep 2" 15 46 10 28 2806.504065040651 28065.04065040651
94.96000000000001 719 6.09 121 7_152 single "rep 2" 15 47 10 58 1559.2775041050907 15592.775041050907
92.26 720 4.79 112 3_186 mixed "rep 2" 15 48 6 50 1926.096033402923 11556.576200417538
99.26 721 5.1899999999999995 105 2_74 single "rep 2" 15 49 10 28 1912.5240847784203 19125.240847784204
134.45999999999998 723 5.39 112 7_167 mixed "rep 2" 16 1 10 58 2494.6196660482374 24946.196660482376
148.06 724 5.1899999999999995 117 2_13 mixed "rep 2" 16 2 10 28 2852.793834296725 28527.93834296725
100.56 725 4.89 112 1_39_1 mixed "rep 2" 16 3 10 18 2056.441717791411 20564.41717791411
61.35999999999999 726 5.89 118 1_137 mixed "rep 2" 16 4 10 18 1041.7657045840408 10417.657045840408
76.06 727 5.6899999999999995 124 7_96 single "rep 2" 16 5 10 58 1336.731107205624 13367.31107205624
67.86 728 4.989999999999999 118 7_100 single "rep 2" 16 6 8 58 1359.9198396793588 10879.35871743487
134.06 729 4.09 117 7_163 mixed "rep 2" 16 7 10 58 3277.750611246944 32777.50611246944
71.56 730 3.9899999999999993 118 1_174 single "rep 2" 16 8 10 18 1793.4837092731834 17934.837092731836
68.76 731 5.09 117 1_85 mixed "rep 2" 16 9 10 18 1350.8840864440078 13508.840864440079
118.66000000000001 732 5.79 117 3_41 mixed "rep 2" 16 10 9 50 2049.3955094991366 18444.55958549223
61.35999999999999 733 4.989999999999999 117 7_87 single "rep 2" 16 11 7 58 1229.6593186372745 8607.615230460922
96.66000000000001 734 4.59 114 1_200 mixed "rep 2" 16 12 10 18 2105.882352941177 21058.82352941177
103.96000000000001 735 4.39 117 1_14 single "rep 2" 16 13 11 18 2368.109339407745 26049.202733485195
109.36 736 4.79 107 1_187 single "rep 2" 16 14 7 18 2283.0897703549062 15981.628392484345
103.06 737 5.489999999999999 118 1_126 mixed "rep 2" 16 15 10 18 1877.2313296903465 18772.313296903463
56.26 738 4.39 117 1_60_3 mixed "rep 2" 16 16 10 18 1281.5489749430526 12815.489749430526
111.36 739 4.6899999999999995 117 1_67 mixed "rep 2" 16 17 10 18 2374.4136460554373 23744.13646055437
124.36 740 5.29 114 57_4_2 mixed "rep 2" 16 18 9 0 2350.8506616257087 21157.655954631377
116.96 741 6.39 114 1_191 single "rep 2" 16 19 8 18 1830.3599374021908 14642.879499217526
57.96 742 4.989999999999999 124 7_53 single "rep 2" 16 20 9 58 1161.5230460921846 10453.707414829662
165.26 743 5.59 114 1_100 mixed "rep 2" 16 21 10 18 2956.350626118068 29563.50626118068
142.85999999999999 744 5.79 118 7_119 mixed "rep 2" 16 22 9 58 2467.3575129533674 22206.217616580307
130.06 745 5.29 112 1_169 single "rep 2" 16 23 10 18 2458.6011342155007 24586.011342155005
75.96000000000001 746 5.489999999999999 112 1_179_1 mixed "rep 2" 16 24 8 18 1383.6065573770495 11068.852459016396
81.46000000000001 747 4.59 114 7_173 single "rep 2" 16 25 4 58 1774.7276688453162 7098.910675381265
52.46 748 4.6899999999999995 118 1_131 mixed "rep 2" 16 26 8 18 1118.5501066098082 8948.400852878465
26.259999999999998 750 5.489999999999999 118 7_11 single "rep 2" 16 28 8 58 478.32422586520954 3826.5938069216763
106.86 751 5.489999999999999 114 2_46 single "rep 2" 16 29 10 28 1946.4480874316944 19464.480874316945
172.35999999999999 752 4.59 112 2_100 mixed "rep 2" 16 30 10 28 3755.119825708061 37551.19825708061
145.85999999999999 753 5.89 117 2_85 mixed "rep 2" 16 31 10 28 2476.400679117148 24764.00679117148
44.96 754 4.39 107 62_5 single "rep 2" 16 32 8 0 1024.1457858769934 8193.166287015947
105.56 755 5.89 119 7_81 mixed "rep 2" 16 33 8 58 1792.1901528013584 14337.521222410867
58.76 756 5.6899999999999995 114 1_105_1 mixed "rep 2" 16 34 10 18 1032.6889279437612 10326.889279437612
86.76 757 4.989999999999999 118 1_114_2 mixed "rep 2" 16 35 10 18 1738.6773547094192 17386.77354709419
83.76 758 4.6899999999999995 118 1_83 mixed "rep 2" 16 36 9 18 1785.9275053304907 16073.347547974416
86.56 759 5.79 117 2_171 single "rep 2" 16 37 10 28 1494.9913644214162 14949.91364421416
106.86 760 5.39 124 3_72 single "rep 2" 16 38 7 50 1982.5602968460112 13877.922077922078
105.46000000000001 761 5.59 112 1_128 single "rep 2" 16 39 10 18 1886.583184257603 18865.83184257603
33.46 762 5.39 132 45_3_2 single "rep 2" 16 40 7 0 620.77922077922085 4345.454545454546
105.46000000000001 763 5.39 112 7_105 mixed "rep 2" 16 41 10 58 1956.5862708719853 19565.862708719855
131.45999999999998 765 5.59 112 2_163 single "rep 2" 16 43 10 28 2351.69946332737 23516.994633273698
121.16000000000001 766 5.1899999999999995 118 2_20 single "rep 2" 16 44 10 28 2334.4894026974957 23344.89402697496
105.06 767 5.89 118 71_5 mixed "rep 2" 16 45 10 0 1783.7011884550086 17837.011884550087
123.86 768 5.29 112 7_176 mixed "rep 2" 16 46 10 58 2341.398865784499 23413.988657844988
135.76 769 5.1899999999999995 112 7_38 mixed "rep 2" 16 47 10 58 2615.7996146435453 26157.996146435453
50.36 770 4.79 124 3_207 single "rep 2" 16 48 10 50 1051.356993736952 10513.56993736952
154.16 771 4.6899999999999995 112 3_9 mixed "rep 2" 16 49 10 50 3286.993603411514 32869.93603411514
115.76 772 6.1899999999999995 112 1_6 single "rep 2" 16 50 8 18 1870.113085621971 14960.904684975769
95.86 773 3.9899999999999993 117 1_105_1 single "rep 2" 17 1 9 18 2402.5062656641608 21622.556390977446
114.66000000000001 774 5.79 112 1_47_1 single "rep 2" 17 2 10 18 1980.3108808290158 19803.10880829016
94.56 775 4.989999999999999 124 1_85 single "rep 2" 17 3 1 18 1894.9899799599202 1894.9899799599202
64.26 776 4.89 112 2_56 single "rep 2" 17 4 10 28 1314.110429447853 13141.10429447853
174.66 777 4.6899999999999995 107 2_137 mixed "rep 2" 17 5 10 28 3724.0938166311303 37240.9381663113
84.06 778 5.39 107 1_61 mixed "rep 2" 17 6 10 18 1559.5547309833025 15595.547309833026
153.26 779 4.79 110 7_94 mixed "rep 2" 17 7 10 58 3199.5824634655532 31995.82463465553
160.66 780 4.79 112 1_51_1 mixed "rep 2" 17 8 7 18 3354.070981210856 23478.496868475995
202.56 781 4.79 107 3_139 mixed "rep 2" 17 9 10 50 4228.810020876827 42288.10020876827
174.66 782 4.989999999999999 112 1_16_2 mixed "rep 2" 17 10 10 18 3500.200400801604 35002.00400801604
192.06 783 5.489999999999999 112 2_79 single "rep 2" 17 11 5 28 3498.3606557377057 17491.803278688527
167.35999999999999 784 4.6899999999999995 107 3_139 single "rep 2" 17 12 10 50 3568.443496801706 35684.434968017056
139.45999999999998 785 5.79 117 3_67 single "rep 2" 17 13 10 50 2408.635578583765 24086.35578583765
87.16000000000001 786 4.59 110 1_110 single "rep 2" 17 14 8 18 1898.910675381264 15191.285403050111
57.85999999999999 787 4.39 124 1_67 single "rep 2" 17 15 10 18 1317.995444191344 13179.95444191344
39.36 788 2.6899999999999995 112 1_195_3 single "rep 2" 17 16 8 18 1463.1970260223052 11705.576208178441
74.36 789 4.489999999999999 117 2_19 mixed "rep 2" 17 17 10 28 1656.1247216035636 16561.247216035634
112.46000000000001 790 3.8899999999999997 117 1_156 single "rep 2" 17 18 9 18 2891.002570694088 26019.02313624679
95.26 791 4.6899999999999995 117 1_218 mixed "rep 2" 17 19 7 18 2031.130063965885 14217.910447761195
47.46 792 3.4899999999999993 124 1_203 single "rep 2" 17 20 10 18 1359.8853868194844 13598.853868194845
49.36 793 4.6899999999999995 112 2_43 single "rep 2" 17 21 10 28 1052.452025586354 10524.52025586354
91.26 794 5.39 107 2_139 single "rep 2" 17 22 10 28 1693.135435992579 16931.35435992579
156.06 795 5.29 110 1_2 mixed "rep 2" 17 23 10 18 2950.094517958412 29500.94517958412
112.76 796 4.989999999999999 121 2_142 mixed "rep 2" 17 24 10 28 2259.719438877756 22597.194388777563
104.96000000000001 797 5.29 112 3_158 mixed "rep 2" 17 25 8 50 1984.1209829867676 15872.96786389414
110.96000000000001 798 4.1899999999999995 119 1_65 mixed "rep 2" 17 26 10 18 2648.2100238663493 26482.100238663494
52.059999999999995 799 5.39 118 7_119 single "rep 2" 17 27 10 58 965.8627087198515 9658.627087198514
131.76 800 4.1899999999999995 117 1_116 single "rep 2" 17 28 9 18 3144.6300715990456 28301.670644391408
98.06 801 4.6899999999999995 117 2_132 single "rep 2" 17 29 10 28 2090.8315565031985 20908.315565031986
77.56 802 4.59 132 69_5_1 single "rep 2" 17 30 7 0 1689.760348583878 11828.322440087148
176.45999999999998 803 5.39 117 3_104 mixed "rep 2" 17 31 8 50 3273.8404452690165 26190.723562152132
83.56 804 5.09 112 2_108 mixed "rep 2" 17 32 10 28 1641.6502946954813 16416.502946954814
85.66000000000001 805 5.39 112 7_219 single "rep 2" 17 33 9 58 1589.2393320964752 14303.153988868276
108.76 806 5.09 111 2_101 single "rep 2" 17 34 9 28 2136.7387033398822 19230.64833005894
94.16000000000001 807 5.59 112 2_101 mixed "rep 2" 17 35 10 28 1684.4364937388195 16844.364937388196
36.059999999999995 808 5.39 119 7_190 single "rep 2" 17 36 10 58 669.0166975881261 6690.166975881261
117.36 809 4.59 117 2_81 single "rep 2" 17 37 10 28 2556.8627450980393 25568.62745098039
133.85999999999999 810 5.59 117 3_146 mixed "rep 2" 17 38 10 50 2394.633273703041 23946.33273703041
66.86 811 5.79 119 3_95 mixed "rep 2" 17 39 10 50 1154.7495682210708 11547.495682210709
22.96 812 4.29 105 51_5_3 single "rep 2" 17 40 9 0 535.1981351981352 4816.783216783217
97.66000000000001 813 7.589999999999999 118 71_5 single "rep 2" 17 41 10 0 1286.6930171278 12866.930171278
150.66 814 6.29 118 7_149 mixed "rep 2" 17 42 10 58 2395.2305246422893 23952.305246422893
45.96 815 4.39 118 1_118 single "rep 2" 17 43 9 18 1046.9248291571755 9422.323462414579
120.46 816 5.39 117 7_118 mixed "rep 2" 17 44 10 58 2234.8794063079777 22348.794063079775
153.95999999999998 817 5.1899999999999995 112 7_214 mixed "rep 2" 17 45 10 58 2966.473988439306 29664.73988439306
186.26 818 5.79 119 7_105 single "rep 2" 17 46 4 58 3216.9257340241793 12867.702936096717
151.26 820 4.89 110 1_103 mixed "rep 2" 17 48 9 18 3093.251533742331 27839.26380368098
124.26 822 3.6899999999999995 119 2_121 single "rep 2" 17 50 10 28 3367.4796747967484 33674.796747967484
123.36 823 4.989999999999999 117 2_46 mixed "rep 2" 18 1 10 28 2472.144288577155 24721.442885771547
90.36 824 5.1899999999999995 113 2_117 mixed "rep 2" 18 2 9 28 1741.0404624277458 15669.364161849711
168.76 825 5.89 106 2_17 mixed "rep 2" 18 3 9 28 2865.195246179966 25786.757215619695
150.26 826 4.89 124 2_195 single "rep 2" 18 4 10 28 3072.8016359918197 30728.016359918198
122.56000000000002 827 5.59 119 2_99 single "rep 2" 18 5 9 28 2192.486583184258 19732.379248658322
152.66 828 5.6899999999999995 112 7_207 mixed "rep 2" 18 6 10 58 2682.9525483304046 26829.525483304045
138.35999999999999 829 4.489999999999999 107 1_103 single "rep 2" 18 7 4 18 3081.514476614699 12326.057906458796
109.26 831 5.59 105 2_139 mixed "rep 2" 18 9 8 28 1954.5617173524151 15636.493738819321
105.56 832 5.1899999999999995 112 2_124 mixed "rep 2" 18 10 5 28 2033.9113680154146 10169.556840077074
149.66 833 4.39 107 1_2 single "rep 2" 18 11 10 18 3409.111617312073 34091.11617312073
89.06 834 3.9899999999999993 118 1_65 single "rep 2" 18 12 9 18 2232.080200501254 20088.721804511282
100.06 835 5.489999999999999 117 7_14 mixed "rep 2" 18 13 5 58 1822.586520947177 9112.932604735885
153.45999999999998 836 6.1899999999999995 112 1_22 single "rep 2" 18 14 5 18 2479.1599353796446 12395.799676898223
51.559999999999995 837 4.89 106 60_4 single "rep 2" 18 15 10 0 1054.39672801636 10543.967280163599
55.660000000000004 838 3.4899999999999993 112 1_124 mixed "rep 2" 18 16 10 18 1594.8424068767913 15948.424068767912
92.06 840 4.989999999999999 117 1_22 mixed "rep 2" 18 18 1 18 1844.8897795591186 1844.8897795591186
159.76 841 5.6899999999999995 118 1_178 mixed "rep 2" 18 19 2 18 2807.7328646748683 5615.465729349737
149.85999999999999 842 5.09 117 7_12 mixed "rep 2" 18 20 10 58 2944.2043222003927 29442.043222003926
85.96000000000001 843 5.39 112 52_5_1 mixed "rep 2" 18 21 10 0 1594.805194805195 15948.05194805195
75.06 844 5.1899999999999995 117 1_19 single "rep 2" 18 22 9 18 1446.2427745664743 13016.184971098268
86.56 845 5.39 117 66_5 mixed "rep 2" 18 23 9 0 1605.9369202226346 14453.432282003712
124.26 846 6.489999999999999 119 7_38 single "rep 2" 18 24 10 58 1914.6379044684131 19146.37904468413
58.76 847 4.489999999999999 112 1_192_3 mixed "rep 2" 18 25 10 18 1308.685968819599 13086.859688195991
124.36 848 6.1899999999999995 118 2_84 single "rep 2" 18 26 10 28 2009.0468497576737 20090.468497576738
83.76 849 4.59 125 3_196 single "rep 2" 18 27 10 50 1824.8366013071898 18248.366013071896
147.85999999999999 850 4.39 117 7_20 single "rep 2" 18 28 10 58 3368.1093394077448 33681.09339407745
58.660000000000004 851 4.989999999999999 119 1_135 single "rep 2" 18 29 10 18 1175.551102204409 11755.511022044091
116.06 852 6.09 112 7_98 mixed "rep 2" 18 30 10 58 1905.7471264367819 19057.471264367818
164.66 853 5.29 117 7_20 mixed "rep 2" 18 31 10 58 3112.665406427221 31126.65406427221
97.56 854 5.39 117 7_177 mixed "rep 2" 18 32 10 58 1810.0185528756958 18100.18552875696
89.96000000000001 855 5.79 124 2_173 single "rep 2" 18 33 7 28 1553.713298791019 10875.993091537133
111.96000000000001 857 5.6899999999999995 112 1_24 single "rep 2" 18 35 10 18 1967.6625659050972 19676.625659050973
66.96000000000001 858 5.39 117 7_40 mixed "rep 2" 18 36 10 58 1242.3005565862711 12423.005565862712
108.56 859 4.989999999999999 112 7_181 mixed "rep 2" 18 37 10 58 2175.5511022044093 21755.51102204409
33.86 860 5.09 118 2_157 single "rep 2" 18 38 9 28 665.2259332023575 5987.033398821218
64.66000000000001 861 4.989999999999999 113 1_162_3 single "rep 2" 18 39 9 18 1295.791583166333 11662.124248496999
131.76 862 4.89 112 49_4 mixed "rep 2" 18 40 7 0 2694.4785276073617 18861.349693251534
119.96 863 5.59 117 1_212 mixed "rep 2" 18 41 9 18 2145.974955277281 19313.77459749553
83.36 864 4.29 117 7_53 mixed "rep 2" 18 42 10 58 1943.1235431235432 19431.235431235433
62.85999999999999 865 5.59 117 1_165_3 single "rep 2" 18 43 10 18 1124.5080500894453 11245.080500894454
122.66000000000001 866 4.59 112 1_177 mixed "rep 2" 18 44 10 18 2672.3311546840964 26723.311546840963
93.76 867 5.09 110 46_4_3 mixed "rep 2" 18 45 9 0 1842.0432220039293 16578.388998035363
102.66000000000001 868 4.989999999999999 114 2_121 mixed "rep 2" 18 46 10 28 2057.3146292585175 20573.146292585174
90.26 870 4.89 117 2_169 mixed "rep 2" 18 48 7 28 1845.8077709611453 12920.654396728016
48.76 871 4.29 112 2_43 mixed "rep 2" 18 49 10 28 1136.5967365967365 11365.967365967364
78.86 872 5.29 117 7_18 mixed "rep 2" 18 50 6 58 1490.7372400756142 8944.423440453686
118.16000000000001 873 5.39 112 1_134 single "rep 2" 19 1 10 18 2192.2077922077924 21922.077922077922
116.36 874 4.79 111 1_110 mixed "rep 2" 19 2 10 18 2429.2275574112737 24292.275574112737
128.66 875 5.59 110 2_166 mixed "rep 2" 19 3 7 28 2301.610017889088 16111.270125223615
127.36 876 4.989999999999999 112 2_183 mixed "rep 2" 19 4 7 28 2552.3046092184372 17866.13226452906
199.35999999999999 877 4.989999999999999 110 2_99 mixed "rep 2" 19 5 7 28 3995.190380761523 27966.33266533066
132.26 878 4.09 110 65_2 single "rep 2" 19 6 9 0 3233.7408312958432 29103.66748166259
184.06 879 4.989999999999999 112 3_87 mixed "rep 2" 19 7 10 50 3688.577154308618 36885.77154308618
120.46 880 5.39 114 7_12 single "rep 2" 19 8 9 58 2234.8794063079777 20113.914656771798
67.36 881 4.1899999999999995 124 7_126 single "rep 2" 19 9 7 58 1607.6372315035803 11253.460620525062
120.06000000000002 882 5.1899999999999995 112 7_198 mixed "rep 2" 19 10 10 58 2313.294797687862 23132.94797687862
178.06 883 5.59 110 65_2 mixed "rep 2" 19 11 10 0 3185.330948121646 31853.30948121646
106.36 884 5.1899999999999995 112 1_118 mixed "rep 2" 19 12 9 18 2049.325626204239 18443.93063583815
115.76 885 4.29 112 58_3_3 single "rep 2" 19 13 7 0 2698.3682983682984 18888.578088578088
32.96 886 4.6899999999999995 117 7_40 single "rep 2" 19 14 8 58 702.771855010661 5622.174840085288
72.76 887 4.89 118 3_41 single "rep 2" 19 15 8 50 1487.9345603271986 11903.476482617589
67.26 888 3.79 112 1_45 single "rep 2" 19 16 8 18 1774.67018469657 14197.36147757256
64.26 889 4.1899999999999995 112 1_124 single "rep 2" 19 17 10 18 1533.6515513126496 15336.515513126496
56.85999999999999 890 5.09 112 2_175 single "rep 2" 19 18 10 28 1117.092337917485 11170.923379174852
141.95999999999998 891 5.1899999999999995 117 1_14 mixed "rep 2" 19 19 10 18 2735.2601156069363 27352.601156069362
130.56 892 4.489999999999999 112 1_174 mixed "rep 2" 19 20 9 18 2907.7951002227173 26170.155902004455
110.86 893 5.29 118 7_100 mixed "rep 2" 19 21 7 58 2095.6521739130435 14669.565217391304
145.06 894 6.1899999999999995 118 7_198 single "rep 2" 19 22 9 58 2343.45718901454 21091.114701130857
158.35999999999999 895 5.29 112 3_118 single "rep 2" 19 23 10 50 2993.572778827977 29935.727788279768
98.76 896 5.489999999999999 117 7_74 mixed "rep 2" 19 24 8 58 1798.907103825137 14391.256830601096
212.85999999999999 897 5.09 105 2_167 single "rep 2" 19 25 1 28 4181.925343811395 4181.925343811395
97.76 898 6.09 125 7_81 single "rep 2" 19 26 10 58 1605.2545155993434 16052.545155993434
95.36 899 5.29 112 2_156 mixed "rep 2" 19 27 7 28 1802.6465028355387 12618.525519848772
199.56 900 4.89 105 2_160 single "rep 2" 19 28 10 28 4080.9815950920247 40809.815950920245
109.66000000000001 901 4.79 106 2_47 mixed "rep 2" 19 29 10 28 2289.352818371608 22893.52818371608
180.06 902 5.989999999999999 112 7_167 single "rep 2" 19 30 9 58 3006.0100166944912 27054.09015025042
105.16000000000001 903 3.9899999999999993 112 1_113 single "rep 2" 19 31 10 18 2635.5889724310787 26355.889724310786
53.160000000000004 904 5.6899999999999995 110 7_158 single "rep 2" 19 32 10 58 934.2706502636206 9342.706502636207
187.76 905 5.59 124 61_5_3 single "rep 2" 19 33 8 0 3358.8550983899822 26870.840787119858
93.66000000000001 906 4.79 111 46_4_3 single "rep 2" 19 34 6 0 1955.3235908141965 11731.94154488518
121.76 907 5.79 112 2_58 single "rep 2" 19 35 7 28 2102.9360967184803 14720.552677029362
156.76 908 5.79 112 7_184 mixed "rep 2" 19 36 7 58 2707.4265975820376 18951.986183074263
144.35999999999999 909 4.6899999999999995 113 1_189 single "rep 2" 19 37 5 18 3078.0383795309167 15390.191897654584
117.96 911 5.1899999999999995 117 7_84 mixed "rep 2" 19 39 5 58 2272.8323699421967 11364.161849710983
150.85999999999999 912 4.79 105 60_4 mixed "rep 2" 19 40 9 0 3149.4780793319414 28345.302713987472
143.35999999999999 913 6.489999999999999 124 1_126 single "rep 2" 19 41 10 18 2208.936825885978 22089.36825885978
84.26 914 4.39 112 66_5 single "rep 2" 19 42 9 0 1919.3621867881552 17274.259681093397
175.56 916 5.59 117 2_123 mixed "rep 2" 19 44 10 28 3140.608228980322 31406.08228980322
190.06 917 5.59 114 2_3 mixed "rep 2" 19 45 5 28 3400 17000
113.16000000000001 918 4.59 124 2_125 single "rep 2" 19 46 10 28 2465.3594771241833 24653.594771241835
182.16 919 4.489999999999999 112 2_35 single "rep 2" 19 47 9 28 4057.015590200446 36513.14031180401
92.76 920 5.09 117 7_187 single "rep 2" 19 48 7 58 1822.3968565815326 12756.777996070728
122.46 921 3.79 117 55_5_3 single "rep 2" 19 49 10 0 3231.134564643799 32311.34564643799
130.66 922 5.09 118 3_9 single "rep 2" 19 50 10 50 2566.994106090373 25669.94106090373
117.36 923 6.09 117 7_96 mixed "rep 2" 20 1 6 58 1927.0935960591135 11562.561576354681
113.76 924 5.989999999999999 119 7_67 mixed "rep 2" 20 2 8 58 1899.1652754590987 15193.32220367279
91.46000000000001 925 5.989999999999999 112 2_30 mixed "rep 2" 20 3 10 28 1526.8781302170287 15268.781302170286
95.96000000000001 926 5.89 125 7_115 single "rep 2" 20 4 9 58 1629.2020373514433 14662.818336162989
113.96000000000001 927 6.29 112 7_219 mixed "rep 2" 20 5 1 58 1811.7647058823532 1811.7647058823532
118.76 928 5.39 124 3_95 single "rep 2" 20 6 7 50 2203.339517625232 15423.376623376624
134.76 929 4.79 112 1_172_2 mixed "rep 2" 20 7 11 18 2813.3611691022966 30946.97286012526
108.66000000000001 930 5.09 114 1_172_2 single "rep 2" 20 8 7 18 2134.7740667976427 14943.418467583499
141.06 931 4.29 121 7_177 single "rep 2" 20 9 10 58 3288.111888111888 32881.118881118884
142.26 932 5.09 118 1_60_3 single "rep 2" 20 10 5 18 2794.8919449901764 13974.459724950882
107.36 933 4.6899999999999995 111 1_200 single "rep 2" 20 11 8 18 2289.125799573561 18313.006396588487
116.46000000000001 934 5.1899999999999995 110 2_212 single "rep 2" 20 12 10 28 2243.9306358381505 22439.306358381506
126.96 935 4.989999999999999 119 1_131 single "rep 2" 20 13 8 18 2544.2885771543088 20354.30861723447
153.85999999999999 936 5.1899999999999995 110 2_219 mixed "rep 2" 20 14 9 28 2964.5472061657033 26680.92485549133
113.26 937 5.09 112 2_183 single "rep 2" 20 15 9 28 2225.147347740668 20026.326129666013
80.66000000000001 938 4.09 114 64_5_1 single "rep 2" 20 16 8 0 1972.1271393643035 15777.017114914428
73.36 939 4.59 111 1_56 mixed "rep 2" 20 17 10 18 1598.2570806100218 15982.570806100219
82.76 940 5.09 112 1_148 mixed "rep 2" 20 18 10 18 1625.933202357564 16259.33202357564
66.26 941 4.989999999999999 121 2_37 single "rep 2" 20 19 9 28 1327.855711422846 11950.701402805615
141.66 942 4.989999999999999 117 7_86 single "rep 2" 20 20 10 58 2838.8777555110223 28388.777555110224
178.85999999999999 943 4.89 118 1_156 mixed "rep 2" 20 21 10 18 3657.6687116564417 36576.68711656442
145.35999999999999 944 4.29 112 1_135 mixed "rep 2" 20 22 10 18 3388.344988344988 33883.44988344988
121.06000000000002 945 4.29 112 1_130 single "rep 2" 20 23 10 18 2821.911421911422 28219.11421911422
115.16000000000001 946 4.39 114 1_195_3 mixed "rep 2" 20 24 9 18 2623.2346241457863 23609.111617312075
59.96 947 4.489999999999999 112 1_157 mixed "rep 2" 20 25 1 18 1335.412026726058 1335.412026726058
75.96000000000001 948 4.489999999999999 125 2_146 single "rep 2" 20 26 10 28 1691.7594654788422 16917.594654788423
123.46 949 5.1899999999999995 117 3_79 single "rep 2" 20 27 1 50 2378.805394990366 2378.805394990366
119.76 950 4.79 114 70_4_1 mixed "rep 2" 20 28 9 0 2500.2087682672236 22501.878914405013
147.66 952 5.1899999999999995 107 53_5 mixed "rep 2" 20 30 9 0 2845.0867052023123 25605.78034682081
142.35999999999999 954 4.989999999999999 111 1_75 mixed "rep 2" 20 32 7 18 2852.905811623247 19970.340681362726
114.36 955 5.29 106 2_17 single "rep 2" 20 33 9 28 2161.814744801512 19456.332703213608
152.95999999999998 957 4.6899999999999995 107 1_187 mixed "rep 2" 20 35 8 18 3261.407249466951 26091.257995735607
93.16000000000001 959 5.09 114 1_147_1 mixed "rep 2" 20 37 10 18 1830.2554027504914 18302.554027504913
98.36 960 5.29 110 1_112_2 mixed "rep 2" 20 38 10 18 1859.3572778827977 18593.572778827976
152.95999999999998 961 5.89 111 2_104 mixed "rep 2" 20 39 1 28 2596.943972835314 2596.943972835314
156.26 962 4.79 112 50_3 mixed "rep 2" 20 40 6 0 3262.2129436325677 19573.277661795408
177.76 963 4.59 107 1_39_1 single "rep 2" 20 41 10 18 3872.7668845315907 38727.66884531591
124.46 964 4.79 112 2_175 mixed "rep 2" 20 42 10 28 2598.329853862213 25983.29853862213
96.46000000000001 965 5.39 114 7_86 mixed "rep 2" 20 43 10 58 1789.6103896103898 17896.103896103898
88.76 966 5.79 117 7_170 single "rep 2" 20 44 9 58 1532.9879101899828 13796.891191709845
91.26 967 4.89 112 1_24 mixed "rep 2" 20 45 9 18 1866.2576687116566 16796.31901840491
124.86 968 5.09 112 3_196 mixed "rep 2" 20 46 10 50 2453.0451866404715 24530.451866404714
137.56 969 4.6899999999999995 113 1_89_2 mixed "rep 2" 20 47 10 18 2933.0490405117275 29330.490405117274
140.66 970 5.29 117 2_34 mixed "rep 2" 20 48 10 28 2658.979206049149 26589.79206049149
60.26 971 3.9899999999999993 132 70_4_1 single "rep 2" 20 49 7 0 1510.275689223058 10571.929824561406
118.06000000000002 972 5.29 112 7_44 single "rep 2" 20 50 10 58 2231.7580340264653 22317.580340264652
139.66 973 4.59 111 1_206 mixed "rep 2" 21 1 9 18 3042.7015250544664 27384.313725490196
61.660000000000004 974 4.1899999999999995 139 72_7_1 single "rep 2" 21 2 10 0 1471.5990453460624 14715.990453460625
119.56000000000002 975 5.59 111 3_4 mixed "rep 2" 21 3 8 50 2138.8193202146695 17110.554561717356
87.76 976 5.59 110 2_163 mixed "rep 2" 21 4 10 28 1569.9463327370306 15699.463327370306
179.76 977 5.09 110 2_77 mixed "rep 2" 21 5 10 28 3531.6306483300586 35316.306483300585
180.16 978 5.09 112 2_64 mixed "rep 2" 21 6 10 28 3539.4891944990177 35394.89194499017
111.46000000000001 979 4.6899999999999995 118 54_5 single "rep 2" 21 7 6 0 2376.5458422174843 14259.275053304906
141.76 980 5.59 106 1_17_2 mixed "rep 2" 21 8 9 18 2535.957066189624 22823.613595706618
132.06 981 5.489999999999999 117 58_3_3 mixed "rep 2" 21 9 8 0 2405.4644808743174 19243.71584699454
209.85999999999999 982 4.6899999999999995 107 2_219 single "rep 2" 21 10 8 28 4474.626865671642 35797.014925373136
116.76 983 5.489999999999999 117 7_174 single "rep 2" 21 11 9 58 2126.7759562841534 19140.98360655738
149.26 984 5.1899999999999995 114 7_165 mixed "rep 2" 21 12 10 58 2875.915221579962 28759.15221579962
92.36 985 4.6899999999999995 107 53_5 single "rep 2" 21 13 8 0 1969.2963752665246 15754.371002132197
84.96000000000001 986 4.29 112 1_116 mixed "rep 2" 21 14 10 18 1980.4195804195806 19804.195804195806
86.26 987 4.79 114 7_18 single "rep 2" 21 15 10 58 1800.8350730688937 18008.350730688937
68.26 988 4.1899999999999995 124 2_111 single "rep 2" 21 16 10 28 1629.116945107399 16291.16945107399
33.36 989 3.6899999999999995 113 69_5_1 mixed "rep 2" 21 17 10 0 904.0650406504066 9040.650406504066
104.26 990 4.89 119 1_221 single "rep 2" 21 18 8 18 2132.106339468303 17056.850715746423
133.35999999999999 991 4.89 112 7_141 mixed "rep 2" 21 19 8 58 2727.19836400818 21817.58691206544
152.85999999999999 992 4.1899999999999995 119 2_13 single "rep 2" 21 20 10 28 3648.210023866349 36482.10023866349
156.95999999999998 993 5.39 114 7_190 mixed "rep 2" 21 21 1 58 2912.059369202226 2912.059369202226
87.66000000000001 994 4.89 114 2_6 mixed "rep 2" 21 22 10 28 1792.6380368098162 17926.380368098162
91.56 995 4.989999999999999 114 7_51 mixed "rep 2" 21 23 10 58 1834.8697394789583 18348.697394789582
80.66000000000001 996 4.79 117 7_31 single "rep 2" 21 24 9 58 1683.9248434238 15155.3235908142
70.66000000000001 997 4.29 105 1_19 mixed "rep 2" 21 25 10 18 1647.0862470862473 16470.862470862474
86.36 998 4.09 111 1_7_1 single "rep 2" 21 26 7 18 2111.4914425427874 14780.440097799512
91.96000000000001 999 4.89 105 2_74 mixed "rep 2" 21 27 8 28 1880.5725971370146 15044.580777096116
87.46000000000001 1000 5.489999999999999 110 1_78 single "rep 2" 21 28 10 18 1593.0783242258656 15930.783242258656
138.95999999999998 1001 4.79 117 3_112 single "rep 2" 21 29 10 50 2901.0438413361167 29010.438413361167
152.85999999999999 1002 4.29 112 1_100 single "rep 2" 21 30 10 18 3563.1701631701626 35631.701631701624
95.76 1003 5.489999999999999 110 1_214 mixed "rep 2" 21 31 10 18 1744.2622950819675 17442.622950819674
135.66 1004 5.489999999999999 111 1_58 single "rep 2" 21 32 10 18 2471.0382513661207 24710.382513661207
78.56 1005 3.4899999999999993 124 49_4 single "rep 2" 21 33 10 0 2251.0028653295135 22510.028653295136
132.45999999999998 1006 4.6899999999999995 112 1_104 single "rep 2" 21 34 10 18 2824.3070362473345 28243.070362473343
82.96000000000001 1007 5.09 112 2_84 mixed "rep 2" 21 35 5 28 1629.8624754420434 8149.312377210217
164.16 1008 5.6899999999999995 112 7_115 mixed "rep 2" 21 36 4 58 2885.06151142355 11540.2460456942
78.76 1009 5.29 105 51_5_3 mixed "rep 2" 21 37 8 0 1488.8468809073725 11910.77504725898
228.06 1010 5.6899999999999995 112 7_98 single "rep 2" 21 38 9 58 4008.084358523726 36072.75922671353
103.06 1011 4.1899999999999995 106 62_5 mixed "rep 2" 21 39 10 0 2459.6658711217187 24596.658711217187
80.06 1012 6.1899999999999995 121 7_51 single "rep 2" 21 40 9 58 1293.3764135702747 11640.387722132473
178.85999999999999 1013 5.79 112 2_79 mixed "rep 2" 21 41 10 28 3089.1191709844556 30891.191709844556
148.85999999999999 1014 4.6899999999999995 119 7_97 single "rep 2" 21 42 10 58 3173.9872068230275 31739.872068230274
133.76 1015 5.29 112 1_193_3 mixed "rep 2" 21 43 10 18 2528.5444234404536 25285.444234404535
117.16000000000001 1016 5.09 112 7_7 mixed "rep 2" 21 44 10 58 2301.7681728880157 23017.681728880158
88.06 1017 4.89 112 45_3_2 mixed "rep 2" 21 45 10 0 1800.8179959100205 18008.179959100205
100.46000000000001 1018 5.09 118 1_83 single "rep 2" 21 46 10 18 1973.6738703339884 19736.738703339885
138.66 1019 5.6899999999999995 114 1_74 mixed "rep 2" 21 47 10 18 2436.906854130053 24369.06854130053
168.76 1020 4.79 119 1_157 single "rep 2" 21 48 6 18 3523.1732776617955 21139.039665970773
109.66000000000001 1021 4.89 117 2_120 mixed "rep 2" 21 49 10 28 2242.5357873210637 22425.357873210636
113.46000000000001 1022 4.6899999999999995 117 1_178 single "rep 2" 21 50 10 18 2419.1897654584227 24191.897654584227
138.16 1023 5.1899999999999995 132 1_107 mixed "rep 2" 22 1 10 18 2662.0423892100193 26620.423892100192
125.06000000000002 1024 4.89 117 7_95 single "rep 2" 22 2 9 58 2557.464212678937 23017.177914110434
141.35999999999999 1025 5.89 111 7_158 mixed "rep 2" 22 3 10 58 2400 24000
130.45999999999998 1026 4.989999999999999 113 2_89 mixed "rep 2" 22 4 10 28 2614.4288577154307 26144.288577154308
68.66000000000001 1027 4.79 112 3_72 mixed "rep 2" 22 5 10 50 1433.4029227557414 14334.029227557414
117.76 1028 5.29 112 7_211 mixed "rep 2" 22 6 9 58 2226.086956521739 20034.782608695652
125.76 1029 5.989999999999999 112 48_5 mixed "rep 2" 22 7 8 0 2099.4991652754593 16795.993322203674
169.56 1031 5.79 107 1_17_2 single "rep 2" 22 9 9 18 2928.497409326425 26356.476683937824
97.96000000000001 1032 4.989999999999999 112 3_104 single "rep 2" 22 10 10 50 1963.1262525050104 19631.262525050104
161.26 1033 5.29 110 2_104 single "rep 2" 22 11 10 28 3048.393194706994 30483.93194706994
32.059999999999995 1034 3.8899999999999997 131 56_5 single "rep 2" 22 12 10 0 824.1645244215938 8241.645244215939
150.56 1035 4.89 106 2_148 mixed "rep 2" 22 13 10 28 3078.9366053169733 30789.36605316973
70.46000000000001 1036 5.29 113 1_221 mixed "rep 2" 22 14 8 18 1331.9470699432893 10655.576559546314
