Genotypes Condition Generation total_seed_mass_g 100_seed_weight Fecundity Fitness Flowering_Date Haplotype Atlas_Avg_Fec Atlas_Avg_Fit Atlas_Avg_TW Centered_Fit Centered_FT Centered_Fec Centered_TW Exp_Fec_Per_Plant Exp_Fit_Per_Plant Exp_TW_Per_Plant
1_100 mixed 18 69.85571428571428 4.358121921754485 1587.774707041105 15309.702757051145 103.5 30 1413.799 12880.63 64.55571 2758.5526751468187 -2.0206286836935163 112.43533116993285 -1.1343979925299266 150.07868535205526 1409.5166378525573 6.720571214285715
1_103 mixed 18 40.62571428571428 4.5639345013168455 889.359129340883 8004.2321640679465 101 32 1413.799 12880.63 64.55571 -4546.91791783638 -4.520628683693516 -585.9802465302893 -30.36439799252993 115.15790646704416 1044.2431082033972 5.259071214285714
1_104 mixed 18 61.38071428571429 4.364535100821509 1413.424053953745 11488.30907827293 106.5 33 1413.799 12880.63 64.55571 -1062.8410036313962 0.9793713163064837 -61.915321917427264 -9.6093979925299209 141.36115269768726 1218.4469539136467 6.296821214285715
1_105_1 mixed 18 52.975714285714304 4.39904761904762 1201.4742926680035 10813.26863401203 104 NA 1413.799 12880.63 64.55571 -1737.881447892296 -1.5206286836935163 -273.86508320316875 -18.014397992529908 130.7636646334002 1184.6949317006015 5.876571214285716
1_107 mixed 18 54.0657142857143 4.764133952441255 1135.01373616155 8007.09888027714 103.5 35 1413.799 12880.63 64.55571 -4544.051201627187 -2.0206286836935163 -340.32563970962224 -16.92439799252991 127.44063680807749 1044.386444013857 5.931071214285716
1_110 mixed 18 96.70571428571431 4.788504403904005 2014.0731104257902 20140.731104257902 94 32 1413.799 12880.63 64.55571 7589.5810223535755 -11.520628683693516 538.733734554618 25.715602007470096 171.39360552128952 1651.068055212895 8.063071214285717
1_112_2 mixed 18 113.69071428571431 4.656497386109035 2441.060871098465 18367.926224836727 101 NA 1413.799 12880.63 64.55571 5816.7761429324 -4.520628683693516 965.721495227293 42.700602007470096 192.74299355492326 1562.4278112418365 8.912321214285715
1_113 mixed 18 76.9757142857143 4.717368078781121 1624.987420896495 13592.13775268031 102 39 1413.799 12880.63 64.55571 1040.9876707759831 -3.5206286836935163 149.64804502532274 5.985602007470092 151.93932104482474 1323.6383876340155 7.076571214285716
1_114_2 mixed 18 41.7007142857142 4.34947667534928 961.3326152613356 9293.376139897991 102 NA 1413.799 12880.63 64.55571 -3257.7739420063353 -3.5206286836935163 -514.0067606098366 -29.289397992530013 118.75658076306676 1108.7003069948994 5.3128212142857105
1_116 mixed 18 71.8557142857142 4.6685943887030845 1546.44680180828 15464.4680180828 106.5 41 1413.799 12880.63 64.55571 2913.3179361784732 0.9793713163064837 71.10742593710779 0.8656020074699882 148.01229009041398 1417.25490090414 6.820571214285709
1_118 mixed 18 61.9007142857142 4.459153244362635 1352.8467621446575 10613.257346585186 108 NA 1413.799 12880.63 64.55571 -1937.8927353191411 2.4793713163064837 -122.49261372651472 -9.08939799253001 138.33228810723287 1174.6943673292594 6.32282121428571
1_120 mixed 18 78.20571428571421 4.1511596063329055 1989.7763402299595 18390.0876920532 101.5 45 1413.799 12880.63 64.55571 5838.937610148872 -4.020628683693516 514.4369643587872 7.215602007469997 170.178767011498 1563.53588460266 7.138071214285711
1_124 mixed 18 79.5057142857142 4.994985621854781 1586.3051482083101 15863.0514820831 102.5 47 1413.799 12880.63 64.55571 3311.9014001787727 -3.0206286836935163 110.96577233713788 8.515602007469994 150.0052074104155 1437.184074104155 7.203071214285711
1_126 mixed 18 80.550714285714207 4.814504442925495 1679.925607516915 14330.41222516058 104 42 1413.799 12880.63 64.55571 1779.2621432562537 -1.5206286836935163 204.58623164574283 9.560602007469996 154.68623037584575 1360.5521112580288 7.25532121428571
1_128 mixed 18 77.5057142857142 4.5962452450212545 1699.21141808916 15520.887725065599 101.5 50 1413.799 12880.63 64.55571 2969.737643161272 -4.020628683693516 223.87204221798766 6.515602007469994 155.650520904458 1420.0758862532798 7.103071214285711
1_130 mixed 18 102.3157142857142 4.802965680984245 2134.48615358786 15750.714715228305 104 51 1413.799 12880.63 64.55571 3199.5646333239783 -1.5206286836935163 659.1467777166877 31.325602007469982 177.414257679393 1431.5672357614153 8.34357121428571
1_131 mixed 18 58.7257142857142 4.38691588785047 1338.65603505995 13386.5603505995 110 52 1413.799 12880.63 64.55571 835.4102686951737 4.479371316306484 -136.68334081122225 -12.264397992530014 137.62275175299752 1313.359517529975 6.16407121428571
1_133 mixed 18 85.2557142857142 4.866148918432716 1728.4158325316598 17284.1583253166 106.5 53 1413.799 12880.63 64.55571 4733.008243412272 0.9793713163064837 253.07645666048757 14.265602007469994 157.11074162658298 1508.23941626583 7.490571214285711
1_134 mixed 18 98.32571428571418 5.042307692307695 1932.915737620515 16738.471972961426 104 54 1413.799 12880.63 64.55571 4187.3218910570995 -1.5206286836935163 457.5763617493428 27.335602007469973 167.33573688102575 1480.9550986480713 8.14407121428571
1_135 mixed 18 34.2107142857142 4.596728778467909 752.039902549968 5099.402259269005 105.5 55 1413.799 12880.63 64.55571 -7451.747822635321 -0.020628683693516336 -723.2994733212042 -36.779397992530015 108.29194512749841 899.0016129634503 4.93832121428571
1_136 mixed 18 58.0757142857142 4.486127707244215 1287.6478739209301 11035.40618353448 103 56 1413.799 12880.63 64.55571 -1515.7438983698466 -2.5206286836935163 -187.69150195024213 -12.914397992530013 135.07234369604652 1195.801809176724 6.13157121428571
1_137 mixed 18 78.8057142857142 4.68464196251188 1694.8989179969806 15019.342783839104 103 NA 1413.799 12880.63 64.55571 2468.192701934777 -2.5206286836935163 219.55954212580832 7.815602007469991 155.434895899849 1394.9986391919551 7.16807121428571
1_14 mixed 18 86.10571428571416 4.746405257980864 1802.4526796853552 16909.27331151696 103 64 1413.799 12880.63 64.55571 4358.1232296126345 -2.5206286836935163 327.1133038141829 15.115602007469946 160.81258398426775 1489.495165575848 7.533071214285708
1_147_1 mixed 18 38.5907142857141 3.886118892001245 946.83686128629 8846.472093401824 103.5 NA 1413.799 12880.63 64.55571 -3704.6779885025026 -2.0206286836935163 -528.5025145848823 -32.39939799253011 118.0317930643145 1086.3551046700911 5.157321214285705
1_148 mixed 18 87.1057142857141 4.76455996352029 1831.36771411537 15633.054155707832 109 62 1413.799 12880.63 64.55571 3081.9040738035055 3.4793713163064837 356.0283382441978 16.11560200746989 162.2583357057685 1425.6842077853914 7.583071214285705
1_156 mixed 18 31.530714285714097 3.9900844277673553 782.580045313929 7343.457652517562 106.5 66 1413.799 12880.63 64.55571 -5207.692429386765 0.9793713163064837 -692.7593305572433 -39.459397992530114 109.81895226569645 1011.2043826258781 4.8043212142857055
1_157 mixed 18 52.630714285714106 4.4943756449948395 1129.742677006536 9928.887765957888 105 67 1413.799 12880.63 64.55571 -2622.2623159464383 -0.5206286836935163 -345.5966988646362 -18.359397992530106 127.1770838503268 1140.4758882978945 5.859321214285705
1_158 mixed 18 45.875714285714096 3.55022222222222 1292.19275341583 6460.963767079151 102 31 1413.799 12880.63 64.55571 -6090.186314825176 -3.5206286836935163 -183.14662245534214 -25.114397992530115 135.2995876707915 967.0796883539575 5.521571214285705
1_162_3 mixed 18 39.8957142857141 4.360784313725491 916.8063851861104 8340.756885060304 103.5 NA 1413.799 12880.63 64.55571 -4210.393196844023 -2.0206286836935163 -558.5329906850618 -31.094397992530112 116.53026925930553 1061.069344253015 5.222571214285705
1_165_3 mixed 18 101.7057142857141 5.19929858788554 1946.864424248975 18273.743766645974 105 NA 1413.799 12880.63 64.55571 5722.593684741647 -0.5206286836935163 471.5250483778027 30.715602007469883 168.03317121244874 1557.7186883322986 8.313071214285705
1_169 mixed 18 90.09071428571411 5.044117647058824 1780.11644883203 16972.459131177446 104 69 1413.799 12880.63 64.55571 4421.309049273119 -1.5206286836935163 304.7770729608578 19.100602007469902 159.6957724416015 1492.6544565588724 7.732321214285706
1_16_2 mixed 18 66.3807142857141 4.924188626907075 1316.7210134913125 13167.210134913126 102 NA 1413.799 12880.63 64.55571 616.0600530087995 -3.5206286836935163 -158.61836237985972 -4.609397992530106 136.52600067456564 1302.392006745656 6.546821214285705
1_172_2 mixed 18 74.3907142857141 5.00765915119363 1487.839618446215 10730.31859493579 108 NA 1413.799 12880.63 64.55571 -1820.8314869685364 2.4793713163064837 12.500242575042648 3.4006020074698853 145.08193092231073 1180.5474297467895 6.947321214285705
1_174 mixed 18 89.1307142857141 4.859895808666825 1807.9034426180851 13075.554036720489 105 NA 1413.799 12880.63 64.55571 524.4039548161618 -0.5206286836935163 332.5640667469129 18.140602007469894 161.08512213090427 1297.8092018360244 7.684321214285705
1_177 mixed 18 82.6557142857141 4.4090240158902105 1842.065033666185 16065.11698235097 103.5 NA 1413.799 12880.63 64.55571 3513.966900446643 -2.0206286836935163 366.7256577950127 11.665602007469886 162.79320168330923 1447.2873491175483 7.360571214285704
1_178 mixed 18 44.2607142857141 4.37892793655135 1002.8793308248885 10028.793308248885 105.5 73 1413.799 12880.63 64.55571 -2522.3567736554414 -0.020628683693516336 -472.46004504628377 -26.72939799253011 120.83391654124443 1145.4711654124444 5.440821214285705
1_179_1 mixed 18 45.77071428571405 4.402284133014399 1028.213839001247 5513.4423992121265 116 NA 1413.799 12880.63 64.55571 -7037.7076826922 10.479371316306484 -447.1255368699253 -25.219397992530162 122.10064195006234 919.7036199606064 5.5163212142857025
1_17_2 mixed 18 55.795714285714105 4.969127274369045 1045.7127240583804 4837.282882206198 94 NA 1413.799 12880.63 64.55571 -7713.867199698128 -11.520628683693516 -429.6266518127918 -15.194397992530106 122.97558620291902 885.8956441103098 6.017571214285705
1_18 mixed 18 42.665714285714 4.716553718261495 895.863605221385 7714.363437452384 107.5 NA 1413.799 12880.63 64.55571 -4836.786644451943 1.9793713163064837 -579.4757706497873 -28.32439799253021 115.48313026106925 1029.7496718726193 5.3610712142857
1_187 mixed 18 65.750714285714 4.1105791339851745 1518.367469087736 12735.602849230057 105 76 1413.799 12880.63 64.55571 184.45276732573075 -0.5206286836935163 43.028093216563775 -5.239397992530215 146.6083234543868 1280.811642461503 6.5153212142857
1_189 mixed 18 64.080714285714 4.54498460295825 1409.938891214605 11984.845459940334 108 NA 1413.799 12880.63 64.55571 -566.3046219639928 2.4793713163064837 -65.40048465656719 -6.9093979925302165 141.18689456073025 1243.2737729970165 6.4318212142857
1_19 mixed 18 50.055714285714004 4.980608764103909 1006.3334296652231 7121.377360373842 103.5 82 1413.799 12880.63 64.55571 -5429.772721530485 -2.0206286836935163 -469.00594620594916 -20.934397992530208 121.00662148326114 1000.100368018692 5.730571214285701
1_191 mixed 18 32.220714285713996 4.381033121196641 723.3471375205925 6510.124237685332 105 79 1413.799 12880.63 64.55571 -6041.025844218994 -0.5206286836935163 -751.9922383505798 -38.769397992530216 106.85730687602964 969.5377118842665 4.8388212142857
1_192_3 mixed 18 68.140714285714 4.19166589967787 1636.017924247225 16360.179242472252 101.5 NA 1413.799 12880.63 64.55571 3809.029160567925 -4.020628683693516 160.67854837605273 -2.849397992530214 152.49084621236125 1462.0404621236125 6.634821214285699
1_193_3 mixed 18 65.50571428571399 5.0917094993337155 1286.530673243095 9880.407887121195 104 NA 1413.799 12880.63 64.55571 -2670.7421947831317 -1.5206286836935163 -188.8087026280773 -5.484397992530219 135.01648366215474 1138.0518943560596 6.5030712142857
1_195_3 mixed 18 56.205714285713995 4.9690337494221 1136.6921972855794 6826.345400140938 108 NA 1413.799 12880.63 64.55571 -5724.8046817633885 2.4793713163064837 -338.6471785855929 -14.784397992530216 127.52455986427897 985.3487700070469 6.0380712142857
1_2 mixed 18 86.75571428571399 4.958191454434595 1773.7572802302216 17737.572802302217 106.5 87 1413.799 12880.63 64.55571 5186.42272039789 0.9793713163064837 298.4179043590493 15.76560200746978 159.37781401151108 1530.9101401151106 7.5655712142857
1_200 mixed 18 47.225714285714005 4.87304819135148 968.5623924930541 6609.6659267431805 101.5 83 1413.799 12880.63 64.55571 -5941.484155161146 -4.020628683693516 -506.7769833781182 -23.764397992530206 119.1180696246527 974.5147963371589 5.589071214285701
1_203 mixed 18 84.30571428571399 4.644157200678935 1783.951326255065 17155.307993809496 106.5 NA 1413.799 12880.63 64.55571 4604.157911905169 0.9793713163064837 308.6119503838927 13.315602007469778 159.88751631275323 1501.7968996904747 7.4430712142857
1_206 mixed 18 58.605714285714 5.029786059351275 1159.4452266179665 10435.0070395617 109 20 1413.799 12880.63 64.55571 -2116.1430423426264 3.4793713163064837 -315.8941492532058 -12.38439799253021 128.66221133089832 1165.781851978085 6.1580712142857
1_212 mixed 18 68.075714285714 4.404639602319801 1540.72137424528 9943.69801073852 110 44 1413.799 12880.63 64.55571 -2607.452071165806 4.479371316306484 65.38199837410775 -2.914397992530212 147.726018712264 1141.2164005369261 6.6315712142856995
1_214 mixed 18 61.800714285714 4.652533942088191 1306.649084877044 13066.490848770442 105 85 1413.799 12880.63 64.55571 515.3407668661148 -0.5206286836935163 -168.6902909941282 -9.18939799253021 136.0224042438522 1297.356042438522 6.317821214285701
1_218 mixed 18 65.5457142857139 4.69225646076638 1383.765023681155 13837.65023681155 103.5 48 1413.799 12880.63 64.55571 1286.500154907224 -2.0206286836935163 -91.57435219001718 -5.4443979925303125 139.87820118405776 1335.9140118405776 6.505071214285695
1_22 mixed 18 95.8557142857139 5.04230769230769 1901.02865860302 5703.08597580906 115 54 1413.799 12880.63 64.55571 -6848.064106095267 9.479371316306484 425.6892827318477 24.86560200746969 165.741382930151 929.185798790453 8.020571214285695
1_221 mixed 18 58.4957142857139 4.860180459351075 1198.711312719815 8450.80284333599 106.5 86 1413.799 12880.63 64.55571 -4100.347238568336 0.9793713163064837 -276.6280631513573 -12.49439799253031 130.62551563599075 1066.5716421667996 6.152571214285695
1_24 mixed 18 67.65571428571391 4.207530454042085 1611.993813343755 14507.944320093795 105 68 1413.799 12880.63 64.55571 1956.7942381894682 -0.5206286836935163 136.65443747258269 -3.334397992530299 151.28964066718774 1369.4287160046897 6.610571214285696
1_3 mixed 18 71.0457142857139 4.9405204808028955 1390.4078060606785 13904.078060606786 105 73 1413.799 12880.63 64.55571 1352.9279787024589 -0.5206286836935163 -84.93156981049378 0.055602007469687464 140.21034030303392 1339.235403030339 6.780071214285695
1_39_1 mixed 18 55.75571428571389 4.21779935275081 1327.1198261486052 11494.826912760262 100 NA 1413.799 12880.63 64.55571 -1056.323169144065 -5.520628683693516 -148.21954972256708 -15.234397992530319 137.04594130743027 1218.772845638013 6.0155712142856945
1_45 mixed 18 82.4607142857139 4.573295322563615 1777.361950449935 15996.257554049414 104 NA 1413.799 12880.63 64.55571 3445.1074721450877 -1.5206286836935163 302.0225745787627 11.470602007469694 159.55804752249674 1443.8443777024706 7.350821214285697
1_47_1 mixed 18 65.3557142857139 5.031813015061095 1295.3168558746752 11545.59718414478 105 NA 1413.799 12880.63 64.55571 -1005.5528977595459 -0.5206286836935163 -180.02251999649707 -5.63439799253031 135.45579279373376 1221.311359207239 6.495571214285695
1_51_1 mixed 18 42.7657142857139 4.39817084078712 948.389060718084 5264.019519244452 106.5 NA 1413.799 12880.63 64.55571 -7287.130562659875 0.9793713163064837 -526.9503151530882 -28.224397992530314 118.1094030359042 907.2324759622225 5.366071214285695
1_56 mixed 18 75.5557142857139 5.14881155392745 1455.912575456055 14559.125754560551 103.5 NA 1413.799 12880.63 64.55571 2007.9756726562246 -2.0206286836935163 -19.426800415117214 4.565602007469693 143.48557877280274 1371.9877877280276 7.005571214285695
1_58 mixed 18 81.5057142857139 5.139552289582905 1578.70927735098 14208.38349615882 104.5 94 1413.799 12880.63 64.55571 1657.2334142544933 -1.0206286836935163 103.36990147980782 10.515602007469695 149.625413867549 1354.450674807941 7.303071214285696
1_6 mixed 18 91.81904761904724 5.21767695333241 1756.7321960307568 12240.42318227952 102 70 1413.799 12880.63 64.55571 -310.72689962480763 -3.5206286836935163 281.3928201595845 20.828935340803028 158.52655980153784 1256.0526591139758 7.818737880952362
1_60_3 mixed 18 73.5157142857139 4.732582417582416 1623.8794375980328 15418.464202721105 106.5 NA 1413.799 12880.63 64.55571 2867.314120816778 0.9793713163064837 148.54006172686059 2.5256020074696863 151.88392187990164 1414.9547101360554 6.903571214285695
1_61 mixed 18 41.320714285713905 4.19437071144818 980.9971326799571 8779.803372334562 96 97 1413.799 12880.63 64.55571 -3771.346709569765 -9.520628683693516 -494.3422431912152 -29.669397992530307 119.73980663399784 1083.0216686167282 5.293821214285695
1_65 mixed 18 85.4557142857138 4.932948141131895 1748.2641136698549 16230.383590659549 105 65 1413.799 12880.63 64.55571 3679.233508755222 -0.5206286836935163 272.9247377986826 14.465602007469585 158.10315568349273 1455.5506795329773 7.50057121428569
1_67 mixed 18 72.55571428571379 5.078915470494415 1437.57916943037 13706.15740513757 106.5 98 1413.799 12880.63 64.55571 1155.0073232332434 0.9793713163064837 -37.76020644080222 1.565602007469579 142.56890847151848 1329.3393702568785 6.855571214285689
1_74 mixed 18 107.35571428571379 5.100688177923621 2110.976071255995 19860.789165720198 106.5 99 1413.799 12880.63 64.55571 7309.639083815871 0.9793713163064837 635.6366953848228 36.365602007469576 176.23875356279976 1637.0709582860097 8.59557121428569
1_75 mixed 18 74.2157142857138 4.00450467031703 1754.2280921028575 16216.949247493798 101.5 37 1413.799 12880.63 64.55571 3665.799165589471 -4.020628683693516 278.8887162316853 3.2256020074695897 158.4013546051429 1454.87896237469 6.93857121428569
1_78 mixed 18 59.455714285713796 5.21408854467692 1140.17866305505 10259.23019253018 105 20 1413.799 12880.63 64.55571 -2291.919889374147 -0.5206286836935163 -335.1607128161222 -11.534397992530415 127.6988831527525 1156.9930096265089 6.20057121428569
1_7_1 mixed 18 108.5557142857138 4.565863612427595 2402.25293371801 19775.34098586706 103.5 NA 1413.799 12880.63 64.55571 7224.1909039627335 -2.0206286836935163 926.9135578468376 37.56560200746959 190.80259668590048 1632.798549293353 8.65557121428569
1_8 mixed 18 66.91571428571379 4.29455273751215 1533.65777268713 14668.269665328928 103 81 1413.799 12880.63 64.55571 2117.119583424601 -2.5206286836935163 58.31839681595784 -4.074397992530422 147.3728386343565 1377.4449832664463 6.57357121428569
1_83 mixed 18 61.6857142857138 5.14909090909091 1208.4657914549105 5204.71567381888 106.5 65 1413.799 12880.63 64.55571 -7346.434408085447 0.9793713163064837 -266.8735844162618 -9.304397992530411 131.11323957274553 904.2672836909439 6.31207121428569
1_84 mixed 18 84.4957142857138 5.21648542844715 1619.448783541475 6443.091856562105 104.5 100 1413.799 12880.63 64.55571 -6108.058225342222 -1.0206286836935163 144.10940767030274 13.50560200746959 151.66238917707375 966.1860928281052 7.45257121428569
1_85 mixed 18 46.4107142857138 4.6524271414651395 977.0589041867745 7777.172155219392 103.5 63 1413.799 12880.63 64.55571 -4773.977926684935 -2.0206286836935163 -498.28047168439775 -24.57939799253041 119.54289520933871 1032.8901077609694 5.54832121428569
1_89_2 mixed 18 123.4057142857138 4.622165991902834 2657.330810199745 23546.37134932282 104 NA 1413.799 12880.63 64.55571 10995.221267418494 -1.5206286836935163 1181.9914343285727 52.41560200746959 203.55649050998724 1821.350067466141 9.39807121428569
1_92 mixed 18 31.1357142857138 4.29447453954496 725.886535837175 6920.868627989462 103 102 1413.799 12880.63 64.55571 -5630.281453914865 -2.5206286836935163 -749.4528400339973 -39.85439799253041 106.98427679185875 990.0749313994731 4.78457121428569
1_93 mixed 18 70.0607142857138 4.719021879021875 1478.4953362421252 12512.48668834885 103 103 1413.799 12880.63 64.55571 -38.66339355547643 -2.5206286836935163 3.1559603709529256 -0.9293979925304114 144.61471681210625 1269.6558344174423 6.73082121428569
1_95 mixed 18 61.9057142857138 5.019931011461001 1231.677276887255 7228.492520429625 104.5 49 1413.799 12880.63 64.55571 -5322.657561474702 -1.0206286836935163 -243.6620989839173 -9.084397992530413 132.27381384436276 1005.4561260214812 6.32307121428569
1_98 mixed 18 88.77071428571381 4.84818554387893 1837.964514315755 14958.59291581501 105 58 1413.799 12880.63 64.55571 2407.4428339106835 -0.5206286836935163 362.6251384445827 17.780602007469597 162.58817571578774 1391.9611457907504 7.6663212142856905
1_99 mixed 18 104.4057142857138 4.89826330532213 2128.99493242904 14121.89845763132 101.5 104 1413.799 12880.63 64.55571 1570.748375726993 -4.020628683693516 653.6555565578678 33.41560200746959 177.139696621452 1350.126422881566 8.44807121428569
2_100 mixed 28 104.1557142857138 4.884784240150095 2121.523474714165 19093.711272427485 105 105 1413.799 12880.63 64.55571 6542.561190523158 -0.5206286836935163 646.1840988429926 33.16560200746959 176.76612373570825 1598.717063621374 8.435571214285691
2_101 mixed 28 50.2557142857138 5.031146931760115 1004.296861196811 8911.922549039742 103 106 1413.799 12880.63 64.55571 -3639.2275328645846 -2.5206286836935163 -471.0425146743612 -20.73439799253041 120.90479305984054 1089.627627451987 5.74057121428569
2_104 mixed 28 121.6757142857138 4.526406846730779 2689.854682155435 24208.692139398918 103 108 1413.799 12880.63 64.55571 11657.542057494591 -2.5206286836935163 1214.5153062842628 50.68560200746958 205.18268410777173 1854.4661069699457 9.311571214285689
2_106 mixed 28 64.4057142857138 4.77894736842105 1333.032543865731 9931.93416300961 106.5 110 1413.799 12880.63 64.55571 -2619.215918894717 0.9793713163064837 -142.30683200544127 -6.584397992530413 137.34157719328655 1140.6282081504803 6.44807121428569
2_108 mixed 28 74.8407142857138 4.343697178374995 1728.59200964091 14376.375236709824 103 111 1413.799 12880.63 64.55571 1825.2251548054974 -2.5206286836935163 253.2526337697377 3.8506020074695897 157.1195504820455 1362.8502618354912 6.96982121428569
2_110 mixed 28 99.22571428571379 4.62994633273703 2122.37883762573 19101.40953863157 102 114 1413.799 12880.63 64.55571 6550.2594567272445 -3.5206286836935163 647.0394617545576 28.23560200746958 176.80889188128648 1599.1019769315785 8.18907121428569
2_111 mixed 28 120.3557142857138 5.170015956234325 2335.23156888622 22060.54754011748 106.5 115 1413.799 12880.63 64.55571 9509.397458213154 0.9793713163064837 859.8921930150477 49.36560200746959 187.451528444311 1747.0588770058741 9.24557121428569
2_117 mixed 28 68.87071428571379 4.46064456356297 1532.7970690337252 10928.808619439551 102 120 1413.799 12880.63 64.55571 -1622.3414624647758 -3.5206286836935163 57.457693162552914 -2.1193979925304234 147.32980345168625 1190.4719309719774 6.671321214285689
2_119 mixed 28 92.98071428571379 4.740942028985504 1983.0085148777548 18275.78470695135 103.5 122 1413.799 12880.63 64.55571 5724.6346250470215 -2.0206286836935163 507.66913900658255 21.990602007469576 169.84037574388773 1557.8207353475675 7.876821214285689
2_120 mixed 28 91.2057142857138 4.5532389937106945 2005.3320527074197 18743.37510878933 104 123 1413.799 12880.63 64.55571 6192.225026885002 -1.5206286836935163 529.9926768362475 20.215602007469585 170.956552635371 1581.2002554394664 7.788071214285691
2_121 mixed 28 46.5057142857138 4.65858529819695 1000.5388924257261 10005.38892425726 106.5 124 1413.799 12880.63 64.55571 -2545.7611576470663 0.9793713163064837 -474.80048344544616 -24.48439799253041 120.71689462128629 1144.300946212863 5.55307121428569
2_123 mixed 28 93.0057142857138 4.91673582295989 1906.6294184713051 19066.29418471305 103 125 1413.799 12880.63 64.55571 6515.144102808723 -2.5206286836935163 431.2900426001329 22.01560200746958 166.02142092356524 1597.3462092356524 7.87807121428569
2_124 mixed 28 45.955714285713796 4.584917582417585 982.9581101951685 9829.581101951684 104 126 1413.799 12880.63 64.55571 -2721.5689799526426 -1.5206286836935163 -492.38126567600375 -25.034397992530415 119.83785550975843 1135.510555097584 5.52557121428569
2_125 mixed 28 96.7557142857138 4.57392752856331 2117.789572492325 18616.128990534908 105 127 1413.799 12880.63 64.55571 6064.978908630581 -0.5206286836935163 642.4501966211528 25.76560200746958 176.57942862461624 1574.8379495267454 8.06557121428569
2_13 mixed 28 49.4057142857138 4.63660748923907 1067.3687048871861 10230.02418180432 103 135 1413.799 12880.63 64.55571 -2321.125900100007 -2.5206286836935163 -407.9706709839861 -21.584397992530413 124.0583852443593 1155.532709090216 5.69807121428569
2_132 mixed 28 79.2957142857138 4.7922004062288455 1657.1684461166 12642.41905048599 104 131 1413.799 12880.63 64.55571 91.26896858166401 -1.5206286836935163 181.82907024542783 8.305602007469588 153.54837230583001 1276.1524525242996 7.19257121428569
2_137 mixed 28 106.8457142857138 4.4498720601651 2242.441706807497 14633.730286623875 94 133 1413.799 12880.63 64.55571 2082.5802047195484 -11.520628683693516 767.102330936325 35.855602007469585 182.81203534037485 1375.7180143311937 8.57007121428569
2_138 mixed 28 74.9557142857138 4.9013013013013005 1530.06053237126 11515.749219555255 103.5 134 1413.799 12880.63 64.55571 -1035.4008623490718 -2.0206286836935163 54.72115650008777 3.9656020074695846 147.192976618563 1219.8189609777626 6.975571214285691
2_139 mixed 28 57.8207142857138 4.79052132701422 1207.1737047316851 9463.28032362819 90.5 118 1413.799 12880.63 64.55571 -3087.869758276136 -15.020628683693516 -268.16567113948713 -13.169397992530413 131.04863523658426 1117.1955161814094 6.11882121428569
2_142 mixed 28 87.40071428571379 4.343790305804035 1985.16746715803 18658.621704728826 103.5 120 1413.799 12880.63 64.55571 6107.4716228245 -2.0206286836935163 509.82809128685767 16.410602007469578 169.9483233579015 1576.9625852364413 7.59782121428569
2_144 mixed 28 67.2907142857138 4.5641196013289 1450.54182865981 14505.4182865981 106.5 129 1413.799 12880.63 64.55571 1954.2682046937734 0.9793713163064837 -24.797547211362144 -3.6993979925304075 143.2170414329905 1369.3024143299049 6.59232121428569
2_146 mixed 28 69.12571428571381 4.8278205128205105 1423.283054488435 7963.212086669235 110 119 1413.799 12880.63 64.55571 -4587.937995235092 4.479371316306484 -52.056321382737224 -1.8643979925303995 141.85410272442175 1042.1921043334617 6.684071214285692
2_148 mixed 28 55.195714285713805 4.307740916271725 1255.838901139055 11157.947282067249 97.5 137 1413.799 12880.63 64.55571 -1393.2027998370777 -8.020628683693516 -219.50047473211725 -15.794397992530406 133.48189505695274 1201.9288641033625 5.9875712142856905
2_156 mixed 28 67.3757142857138 4.861940818506995 1381.044876515226 9161.17437974391 NA 141 1413.799 12880.63 64.55571 -3389.9757021604164 NA -94.2944993559463 -3.6143979925304137 139.7421938257613 1102.0902189871954 6.5965712142856905
2_157 mixed 28 60.050714285713795 4.44547088425593 1330.2654746622165 12467.319553464811 103.5 140 1413.799 12880.63 64.55571 -83.83052843951555 -2.0206286836935163 -145.0739012089557 -10.939397992530417 137.20322373311083 1267.3974776732405 6.23032121428569
2_160 mixed 28 86.1057142857138 4.8647512864494 1773.47428560234 16071.676085837069 90.5 143 1413.799 12880.63 64.55571 3520.5260039327422 -15.020628683693516 298.1349097311677 15.11560200746959 159.363664280117 1447.6153042918534 7.533071214285689
2_163 mixed 28 56.06071428571379 4.5437687737801244 1225.1838821106699 10526.68583201287 105 134 1413.799 12880.63 64.55571 -2024.4642498914563 -0.5206286836935163 -250.1554937605024 -14.929397992530419 131.9491441055335 1170.3657916006437 6.03082121428569
2_166 mixed 28 73.8457142857138 4.20829307568438 1746.484785895365 16654.13895899405 102.5 112 1413.799 12880.63 64.55571 4102.988877089725 -3.0206286836935163 271.14541002419264 2.855602007469585 158.01418929476824 1476.7384479497025 6.92007121428569
2_167 mixed 28 49.595714285713804 4.62829268292683 1071.57687906528 10715.7687906528 94 144 1413.799 12880.63 64.55571 -1835.381291251526 -11.520628683693516 -403.76249680589217 -21.394397992530408 124.26879395326401 1179.8199395326399 5.70757121428569
2_169 mixed 28 68.6557142857138 4.7351058201058205 1452.4358250344799 14524.3582503448 109 109 1413.799 12880.63 64.55571 1973.208168440473 3.4793713163064837 -22.903550836692375 -2.3343979925304126 143.311741251724 1370.24941251724 6.6605712142856905
2_17 mixed 28 93.2057142857138 4.918408349641226 1905.526181061485 16100.137993679235 91.5 149 1413.799 12880.63 64.55571 3548.987911774908 -14.020628683693516 430.1868051903127 22.215602007469585 165.96625905307422 1449.0383996839616 7.888071214285691
2_170 mixed 28 97.7057142857138 4.945631067961164 1936.885116671795 18071.748963211416 98.5 146 1413.799 12880.63 64.55571 5520.598881307089 -7.020628683693516 461.54574080062275 26.715602007469585 167.53420583358974 1547.6189481605707 8.113071214285691
2_171 mixed 28 54.555714285713805 5.16569847856155 1062.5918901525479 10263.547876034581 103.5 147 1413.799 12880.63 64.55571 -2287.6022058697454 -2.0206286836935163 -412.7474857186244 -16.434397992530407 123.8195445076274 1157.2088938017291 5.9555712142856905
2_173 mixed 28 50.9357142857138 4.69614035087719 1088.9404395100585 7511.613331538638 108 148 1413.799 12880.63 64.55571 -5039.536750365689 2.4793713163064837 -386.3989363611138 -20.05439799253041 125.13697197550292 1019.6121665769318 5.77457121428569
2_175 mixed 28 103.2857142857138 4.827563569116965 2090.1373759901794 17380.958018955345 103.5 116 1413.799 12880.63 64.55571 4829.807937051019 -2.0206286836935163 614.7980001190072 32.29560200746958 175.19681879950897 1513.0794009477672 8.39207121428569
2_183 mixed 28 98.75571428571381 4.629090909090911 2158.717517402085 16840.017423382633 105 150 1413.799 12880.63 64.55571 4288.867341478306 -0.5206286836935163 683.3781415309127 27.765602007469596 178.62582587010425 1486.0323711691315 8.165571214285691
2_19 mixed 28 57.8907142857138 4.365502784146745 1306.573784402965 11963.23683420066 102 6 1413.799 12880.63 64.55571 -587.9132477036674 -3.5206286836935163 -168.76559146820728 -13.099397992530413 136.01863922014826 1242.1933417100329 6.12232121428569
2_195 mixed 28 89.9657142857138 4.736428571428576 1902.89215357267 19028.921535726702 104 151 1413.799 12880.63 64.55571 6477.771453822375 -1.5206286836935163 427.5527777014977 18.97560200746959 165.8345576786335 1595.477576786335 7.726071214285691
2_20 mixed 28 99.7057142857138 4.940111982082865 2028.272787681735 17393.34010510397 104 122 1413.799 12880.63 64.55571 4842.190023199642 -1.5206286836935163 552.9334118105628 28.715602007469585 172.10358938408677 1513.6985052551984 8.21307121428569
2_202 mixed 28 60.765714285713806 4.754560439560439 1283.044506697455 9990.465931301851 90.5 143 1413.799 12880.63 64.55571 -2560.6841506024757 -15.020628683693516 -192.2948691737172 -10.224397992530406 134.84217533487276 1143.5547965650926 6.266071214285691
2_209 mixed 28 52.015714285713806 4.98554163726182 989.3967676851776 8189.290596574085 103.5 152 1413.799 12880.63 64.55571 -4361.859485330242 -2.0206286836935163 -485.9426081859947 -18.974397992530406 120.15978838425887 1053.4960298287042 5.828571214285691
2_212 mixed 28 92.9507142857138 4.737239736951345 1962.53919644002 13926.098809638326 101 153 1413.799 12880.63 64.55571 1374.9487277339995 -4.520628683693516 487.1998205688478 21.96060200746959 168.816909822001 1340.3364404819163 7.875321214285691
2_217 mixed 28 70.45571428571381 4.922829670329669 1441.1116408408316 13348.99921170632 105.5 155 1413.799 12880.63 64.55571 797.8491298019926 -0.020628683693516336 -34.22773503034068 -0.5343979925304012 142.7455320420416 1311.481460585316 6.75057121428569
2_219 mixed 28 54.610714285713804 4.004915528396835 1334.092826512345 12817.122147983575 100.5 157 1413.799 12880.63 64.55571 265.9720660792482 -5.020628683693516 -141.24654935882722 -16.379397992530407 137.39459132561723 1284.8876073991787 5.958321214285691
2_3 mixed 28 105.2057142857138 5.30673076923077 1981.75541699619 18908.399247709054 105.5 165 1413.799 12880.63 64.55571 6357.2491658047275 -0.020628683693516336 506.4160411250177 34.215602007469585 169.7777208498095 1589.4514623854527 8.488071214285691
2_30 mixed 28 49.4807142857138 4.33795626873567 1160.2428699422646 9852.582165064248 112.5 117 1413.799 12880.63 64.55571 -2698.5679168400784 6.979371316306484 -315.0965059289076 -21.50939799253041 128.70209349711322 1136.6606082532123 5.70182121428569
2_34 mixed 28 85.1957142857138 4.803809523809525 1776.36982832395 16899.61239252094 104.5 162 1413.799 12880.63 64.55571 4348.462310616613 -1.0206286836935163 301.0304524527778 14.205602007469594 159.5084414161975 1489.0121196260468 7.487571214285691
2_35 mixed 28 125.0107142857138 3.847918989223335 2961.981616599735 26657.834549397612 102 163 1413.799 12880.63 64.55571 14106.684467493285 -3.5206286836935163 1486.6422407285627 54.02060200746959 218.78903082998676 1976.9232274698807 9.47832121428569
2_37 mixed 28 49.52571428571379 5.0786417688591605 978.231196709015 9231.0735030608 105 164 1413.799 12880.63 64.55571 -3320.0765788435274 -0.5206286836935163 -497.1081791621573 -21.464397992530422 119.60150983545074 1105.58517515304 5.7040712142856895
2_43 mixed 28 55.2357142857138 4.644812985179955 1193.1236997226001 9367.222896440075 104.5 165 1413.799 12880.63 64.55571 -3183.927185464252 -1.0206286836935163 -282.21567614857213 -15.754397992530414 130.34613498613 1112.3926448220038 5.98957121428569
2_44 mixed 28 63.00571428571381 5.26072628827483 1206.5899549031801 7135.86406575642 103.5 166 1413.799 12880.63 64.55571 -5415.286016147907 -2.0206286836935163 -268.74942096799214 -7.984397992530404 131.019447745159 1000.824703287821 6.378071214285691
2_46 mixed 28 50.1207142857138 5.42396407430088 924.284773445723 6438.607368658673 103.5 122 1413.799 12880.63 64.55571 -6112.542713245653 -2.0206286836935163 -551.0546024254493 -20.86939799253041 116.90418867228614 965.9618684329337 5.73382121428569
2_47 mixed 28 45.3557142857138 4.543939393939395 1009.0025810216875 9832.096887986863 83.5 167 1413.799 12880.63 64.55571 -2719.0531939174634 -22.020628683693516 -466.3367948494847 -25.63439799253041 121.14007905108437 1135.6363443993432 5.4955712142856905
2_56 mixed 28 54.16571428571379 4.38391261171797 1217.82676324106 11078.63688180529 105 172 1413.799 12880.63 64.55571 -1472.513200099036 -0.5206286836935163 -257.51261263011224 -16.82439799253042 131.581288162053 1197.9633440902646 5.93607121428569
2_58 mixed 28 49.0157142857138 4.1175355450237 1127.8112667477305 10150.301400729575 105 150 1413.799 12880.63 64.55571 -2400.8486811747516 -0.5206286836935163 -347.5281091234417 -21.974397992530413 127.08051333738653 1151.546570036479 5.67857121428569
2_6 mixed 28 71.9557142857138 4.72006379585327 1527.689205757285 13891.796470170571 108 176 1413.799 12880.63 64.55571 1340.6463882662447 2.4793713163064837 52.34982988611273 0.9656020074695846 147.07441028786425 1338.6213235085283 6.825571214285691
2_62 mixed 28 74.32571428571379 4.25 1678.2300777453752 16782.30077745375 90.5 159 1413.799 12880.63 64.55571 4231.150695549424 -15.020628683693516 202.89070187420293 3.335602007469575 154.60145388726875 1483.1465388726876 6.94407121428569
2_64 mixed 28 88.7557142857138 4.83911111111111 1834.13259683005 18341.3259683005 108 128 1413.799 12880.63 64.55571 5790.175886396175 2.4793713163064837 358.7932209588778 17.76560200746958 162.3965798415025 1561.097798415025 7.6655712142856895
2_66 mixed 28 63.4357142857138 4.294327361744745 1389.357999330342 12844.688028309654 101 174 1413.799 12880.63 64.55571 293.5379464053276 -4.520628683693516 -85.9813765408303 -7.5543979925304114 140.1578499665171 1286.2659014154826 6.39957121428569
2_74 mixed 28 45.6507142857138 4.303729821580291 1061.3310629341754 10613.310629341755 98 143 1413.799 12880.63 64.55571 -1937.8394525625718 -7.520628683693516 -414.00831293699684 -25.339397992530408 123.75650314670877 1174.6970314670878 5.510321214285691
2_77 mixed 28 84.5107142857138 4.82655950045356 1764.9174255073199 10972.80157016112 105 178 1413.799 12880.63 64.55571 -1578.3485117432065 -0.5206286836935163 289.5780496361476 13.520602007469591 158.93582127536598 1192.671578508056 7.453321214285691
2_79 mixed 28 60.6957142857138 4.642341879365805 1272.3483159262973 12260.434793016211 104 179 1413.799 12880.63 64.55571 -290.71528888811554 -1.5206286836935163 -202.9910599448749 -10.294397992530413 134.30736579631485 1257.0532396508104 6.26257121428569
2_81 mixed 28 108.1207142857138 4.52494425863991 2385.838352580915 22697.794609774697 105.5 120 1413.799 12880.63 64.55571 10146.64452787037 -0.020628683693516336 910.4989767097427 37.13060200746959 189.98186762904575 1778.9212304887346 8.63382121428569
2_84 mixed 28 28.4607142857138 4.283412322274884 673.482914138863 4887.666128638579 105 172 1413.799 12880.63 64.55571 -7663.483953265748 -0.5206286836935163 -801.8564617323093 -42.52939799253041 104.36409570694313 888.4148064319288 4.65082121428569
2_85 mixed 28 37.165714285713804 4.7746088794926 785.02701745722 7335.20316559 105.5 180 1413.799 12880.63 64.55571 -5215.946916314327 -0.020628683693516336 -690.3123584139522 -33.82439799253041 109.941300872861 1010.7916582795 5.08607121428569
2_89 mixed 28 48.47571428571379 4.677258261933905 1007.7042571702075 10077.042571702075 104.5 139 1413.799 12880.63 64.55571 -2474.1075102022514 -1.0206286836935163 -467.63511870096477 -22.51439799253042 121.07516285851038 1147.8836285851037 5.65157121428569
2_90 mixed 28 47.42571428571381 3.879857352632685 1241.330425185481 12413.30425185481 104 181 1413.799 12880.63 64.55571 -137.84583004951674 -1.5206286836935163 -234.00895068569116 -23.564397992530402 132.75647125927406 1264.6967125927404 5.599071214285691
2_99 mixed 28 82.7057142857138 4.918740031897926 1671.417176068595 12103.752296406856 108 183 1413.799 12880.63 64.55571 -447.397785497471 2.4793713163064837 196.07780019742268 11.715602007469585 154.26080880342974 1249.2191148203426 7.363071214285691
3_104 mixed 50 53.6107142857138 4.57066310636404 1171.553285757945 11164.62219544226 106.5 186 1413.799 12880.63 64.55571 -1386.5278864620668 0.9793713163064837 -303.78609011322715 -17.379397992530414 129.26761428789726 1202.262609772113 5.9083212142856905
3_112 mixed 50 95.3557142857138 5.0056776797858795 1905.684996988795 13402.541837544131 104 162 1413.799 12880.63 64.55571 851.3917556398046 -1.5206286836935163 430.34562111762284 24.36560200746959 165.97419984943977 1314.1585918772066 7.99557121428569
3_118 mixed 50 61.395714285713794 4.442347858910375 1296.1102266342436 12574.90578727957 105 189 1413.799 12880.63 64.55571 23.755705375242542 -0.5206286836935163 -179.2291492369286 -9.594397992530418 135.4954613317122 1272.7767893639784 6.29757121428569
3_139 mixed 50 38.955714285713796 4.48391785150079 875.3741290743881 7878.367161669492 94 191 1413.799 12880.63 64.55571 -4672.782920234835 -11.520628683693516 -599.9652467967842 -32.034397992530415 114.45865645371941 1037.9498580834745 5.17557121428569
3_146 mixed 50 75.9607142857138 4.0566459627329206 1926.47599208596 18128.78329314675 107 193 1413.799 12880.63 64.55571 5577.6332112424225 1.4793713163064837 451.13661621478764 4.970602007469594 167.01374960429797 1550.4706646573372 7.02582121428569
3_158 mixed 50 76.5557142857138 4.563626373626375 1677.3332066492349 16138.067070105939 108 187 1413.799 12880.63 64.55571 3586.916988201612 2.4793713163064837 201.9938307780626 5.565602007469593 154.55661033246173 1450.934853505297 7.05557121428569
3_169 mixed 50 112.96071428571379 4.891573546675945 2311.4201173485353 21999.658497140168 106.5 195 1413.799 12880.63 64.55571 9448.508415235841 0.9793713163064837 836.0807414773631 41.97060200746958 186.26095586742676 1744.0144248570082 8.87582121428569
3_186 mixed 50 89.3057142857138 5.000770094657465 1775.835109880235 16940.747088179996 105 162 1413.799 12880.63 64.55571 4389.59700627567 -0.5206286836935163 300.49573400906274 18.315602007469593 159.48170549401175 1491.0688544089996 7.69307121428569
3_196 mixed 50 63.3407142857138 4.922099179285635 1286.8814561131949 11054.28013954662 105.5 197 1413.799 12880.63 64.55571 -1496.8699423577073 -0.020628683693516336 -188.45791975797738 -7.64939799253041 135.03402280565973 1196.745506977331 6.39482121428569
3_207 mixed 50 76.70571428571381 5.0159188034188045 1532.7093531741996 14595.481965500307 107.5 199 1413.799 12880.63 64.55571 2044.33188359598 1.9793713163064837 57.369977303027326 5.715602007469599 147.32541765870997 1373.8055982750152 7.06307121428569
3_4 mixed 50 57.97571428571379 4.105939829216865 1291.2094123841555 12633.798852728494 102 205 1413.799 12880.63 64.55571 82.64877082416751 -3.5206286836935163 -184.12996348701677 -13.01439799253042 135.25042061920777 1275.7214426364249 6.12657121428569
3_41 mixed 50 102.3557142857138 5.356479604249451 1902.2205317079902 7455.366655881366 112.5 203 1413.799 12880.63 64.55571 -5095.783426022961 6.979371316306484 426.8811558368179 31.36560200746959 165.8009765853995 1016.7998327940683 8.34557121428569
3_67 mixed 50 79.7507142857138 5.0537894086132304 1577.815231808675 14219.41152023559 109 207 1413.799 12880.63 64.55571 1668.261438331263 3.4793713163064837 102.47585593750273 8.760602007469586 149.58071159043374 1355.0020760117793 7.21532121428569
3_72 mixed 50 51.8557142857138 5.074765258215965 1010.0263935843755 6488.278779372816 108 208 1413.799 12880.63 64.55571 -6062.871302531511 2.4793713163064837 -465.3129822867968 -19.13439799253041 121.19126967921878 968.4454389686407 5.820571214285691
3_79 mixed 50 68.6757142857138 5.03151138716356 1362.8025280299898 11554.34896393367 108 185 1413.799 12880.63 64.55571 -996.8011179706573 2.4793713163064837 -112.53684784118241 -2.3143979925304166 138.8300764014995 1221.7489481966834 6.661571214285689
3_87 mixed 50 67.6057142857138 5.007276338358765 1366.6338002011096 9921.450229883374 110 198 1413.799 12880.63 64.55571 -2629.6998520209527 4.479371316306484 -108.70557567006267 -3.3843979925304097 139.02164001005548 1140.1040114941686 6.6080712142856894
3_9 mixed 50 102.4557142857138 4.61366470895032 2225.94816504799 19442.346747683485 109 200 1413.799 12880.63 64.55571 6891.196665779158 3.4793713163064837 750.6087891768179 31.465602007469585 181.9873582523995 1616.1488373841742 8.35057121428569
3_95 mixed 50 74.23071428571379 4.6353733086063595 1601.963927686028 15595.44354155758 108 210 1413.799 12880.63 64.55571 3044.293459653254 2.4793713163064837 126.62455181485575 3.240602007469576 150.7881463843014 1423.803677077879 6.939321214285689
45_3_2 mixed 0 69.7157142857138 4.07449031600408 1775.18553532277 11180.02613880949 102.5 NA 1413.799 12880.63 64.55571 -1371.1239430948372 -3.0206286836935163 299.8461594515977 -1.2743979925304103 159.4492267661385 1203.0328069404745 6.7135712142856905
46_4_3 mixed 0 57.6557142857138 4.5316666666666645 1271.712336187745 12060.062708689275 96 NA 1413.799 12880.63 64.55571 -491.08737321505214 -9.520628683693516 -203.62703968342726 -13.334397992530413 134.27556680938724 1247.0346354344638 6.11057121428569
47_4 mixed 0 76.54071428571379 4.92173913043478 1524.888185305115 15248.881853051149 106.5 NA 1413.799 12880.63 64.55571 2697.731771146822 0.9793713163064837 49.54880943394278 5.550602007469578 146.93435926525575 1406.4755926525572 7.05482121428569
48_5 mixed 0 46.6557142857138 4.602650608493665 990.7420444233915 7758.64712682936 103.5 NA 1413.799 12880.63 64.55571 -4792.502955074967 -2.0206286836935163 -484.5973314477808 -24.334397992530413 120.22705222116956 1031.9638563414678 5.56057121428569
49_4 mixed 0 38.7557142857138 4.63540669856459 836.080128583215 7524.721157248935 101 NA 1413.799 12880.63 64.55571 -5026.428924655392 -4.520628683693516 -639.2592472879572 -32.23439799253041 112.49395642916075 1020.2675578624467 5.1655712142856895
50_3 mixed 0 35.7557142857138 5.364287992709045 666.8242593363785 6314.841628043804 105 NA 1413.799 12880.63 64.55571 -6236.308453860523 -0.5206286836935163 -808.5151165347937 -35.23439799253041 104.03116296681893 959.7735814021902 5.01557121428569
51_5_3 mixed 0 57.00571428571379 4.68173076923077 1199.4300995560575 9478.83009744741 80 NA 1413.799 12880.63 64.55571 -3072.319984456917 -25.520628683693516 -275.90927631511477 -13.984397992530418 130.66145497780286 1117.9730048723704 6.07807121428569
52_5_1 mixed 0 31.5557142857138 4.923108715184185 642.4062735825535 5084.057028876978 104 NA 1413.799 12880.63 64.55571 -7467.093053027349 -1.5206286836935163 -832.9331022886188 -39.43439799253041 102.81026367912769 898.2343514438489 4.80557121428569
53_5 mixed 0 41.3307142857138 4.51346153846154 912.138872666207 8609.271232265475 92.5 NA 1413.799 12880.63 64.55571 -3941.8788496388515 -13.020628683693516 -563.2005032049652 -29.65939799253041 116.29689363331036 1074.4950616132737 5.294321214285691
54_5 mixed 0 63.19571428571379 4.495423287798535 1379.675447584304 13796.75447584304 103.5 NA 1413.799 12880.63 64.55571 1245.6043939387127 -2.0206286836935163 -95.66392828686821 -7.7943979925304205 139.6737223792152 1333.8692237921518 6.38757121428569
55_5_3 mixed 0 62.855714285713795 4.67037037037037 1345.8400362524 10766.7202900192 105 NA 1413.799 12880.63 64.55571 -1784.4297918851262 -0.5206286836935163 -129.49933961877218 -8.134397992530417 137.98195181262 1182.36751450096 6.37057121428569
56_5 mixed 0 32.7557142857138 4.53073170731707 722.967423403459 7229.67423403459 105 NA 1413.799 12880.63 64.55571 -5321.475847869737 -0.5206286836935163 -752.3719524677133 -38.23439799253041 106.83832117017296 1005.5152117017294 4.86557121428569
57_4_2 mixed 0 107.9407142857138 4.72850241545894 2285.472381148985 22854.72381148985 96 NA 1413.799 12880.63 64.55571 10303.573729585523 -9.520628683693516 810.1330052778126 36.950602007469584 184.96356905744923 1786.7676905744925 8.62482121428569
58_3_3 mixed 0 53.570714285713805 4.47275456123071 1164.454475638696 11273.393887934024 100 NA 1413.799 12880.63 64.55571 -1277.7561939703028 -5.520628683693516 -310.8849002324762 -17.419397992530406 128.91267378193479 1207.7011943967013 5.906321214285691
59_5_1 mixed 0 55.0907142857138 4.20799212044463 1300.745993499325 10524.149295457486 102 NA 1413.799 12880.63 64.55571 -2027.0007864468407 -3.5206286836935163 -174.59338237184716 -15.89939799253041 135.72724967496623 1170.2389647728742 5.98232121428569
60_4 mixed 0 45.3757142857138 3.5191556154790398 1306.8320048732855 12140.454500410384 99.5 NA 1413.799 12880.63 64.55571 -410.6955814939429 -6.020628683693516 -168.5073709978867 -25.614397992530414 136.0315502436643 1251.0542250205192 5.49657121428569
61_5_3 mixed 0 62.5057142857138 5.218021968287715 1201.447304701899 11570.541538770362 105 NA 1413.799 12880.63 64.55571 -980.6085431339652 -0.5206286836935163 -273.8920711692733 -8.484397992530411 130.76231523509495 1222.558576938518 6.3530712142856895
62_5 mixed 0 41.61571428571381 3.8667260787992497 1093.172971103196 8833.448174859825 92.5 NA 1413.799 12880.63 64.55571 -3717.701907044502 -13.020628683693516 -382.16640476797625 -29.374397992530405 125.34859855515978 1085.7039087429912 5.30857121428569
63_4 mixed 0 95.6707142857138 4.472203516647965 2135.0508235573598 20302.23570401763 105 NA 1413.799 12880.63 64.55571 7751.085622113302 -0.5206286836935163 659.7114476861875 24.680602007469588 177.442491177868 1659.1432852008813 8.01132121428569
64_5_1 mixed 0 42.2157142857138 4.37787234042553 964.297517218385 9642.97517218385 105 NA 1413.799 12880.63 64.55571 -2908.1749097204774 -0.5206286836935163 -511.04185865278725 -28.77439799253041 118.90482586091926 1126.1802586091924 5.3385712142856905
65_2 mixed 0 87.17571428571381 4.458927323549965 1945.14445476128 18586.836673988822 103 NA 1413.799 12880.63 64.55571 6035.686592084496 -2.5206286836935163 469.8050788901078 16.185602007469598 167.947172738064 1573.373333699441 7.586571214285691
66_5 mixed 0 54.25571428571381 4.557756255044395 1194.4831773022001 8080.305556625681 97.5 NA 1413.799 12880.63 64.55571 -4470.844525278646 -8.020628683693516 -280.8561985689721 -16.734397992530404 130.41410886511 1048.0467778312839 5.940571214285691
67_3_3 mixed 0 25.3757142857138 4.35193395365809 563.442609841811 2722.5585329938804 105 NA 1413.799 12880.63 64.55571 -9828.591548910446 -0.5206286836935163 -911.8967660293613 -45.614397992530414 98.86208049209054 780.159426649694 4.49657121428569
68_3_1 mixed 0 42.1557142857138 4.715881184543155 871.528325416911 8715.28325416911 102 NA 1413.799 12880.63 64.55571 -3835.866827735217 -3.5206286836935163 -603.8110504542612 -28.834397992530413 114.26636627084554 1079.7956627084554 5.33557121428569
69_5_1 mixed 0 84.1557142857138 4.2773198329763495 2074.750452296953 20747.504522969528 103.5 NA 1413.799 12880.63 64.55571 8196.354441065201 -2.0206286836935163 599.4110764257807 13.165602007469587 174.42747261484766 1681.4067261484765 7.43557121428569
70_4_1 mixed 0 49.6557142857138 4.8581206804891 1022.17538727274 9199.57848545466 107.5 NA 1413.799 12880.63 64.55571 -3351.5715964496667 1.9793713163064837 -453.1639885984323 -21.334397992530413 121.79871936363699 1104.010424272733 5.71057121428569
71_5 mixed 0 63.1207142857138 5.272670137423195 1197.52433872152 10260.3946021832 105.5 NA 1413.799 12880.63 64.55571 -2290.755479721127 -0.020628683693516336 -277.8150371496522 -7.869397992530409 130.566166936076 1157.0512301091599 6.383821214285691
72_7_1 mixed 0 78.89571428571381 4.745499664654595 1660.7294979889948 10065.860470393754 103 NA 1413.799 12880.63 64.55571 -2485.2896115105723 -2.5206286836935163 185.39012211782256 7.9056020074695965 153.72642489944974 1147.3245235196878 7.172571214285691
7_10 mixed 58 63.270714285713794 4.327827024998825 1438.836905244268 14388.36905244268 105 203 1413.799 12880.63 64.55571 1837.2189705383535 -0.5206286836935163 -36.50247062690414 -7.719397992530418 142.63179526221342 1363.4499526221339 6.39132121428569
7_100 mixed 58 73.07071428571379 5.3396549344375455 1389.50350672876 8516.83138492028 106 185 1413.799 12880.63 64.55571 -4034.3186969840463 0.47937131630648366 -85.83586914241232 2.0806020074695795 140.165125336438 1069.873069246014 6.881321214285689
7_102 mixed 58 71.0557142857138 5.1278859107167705 1383.3836045652401 11796.012496645775 105 203 1413.799 12880.63 64.55571 -755.1375852585516 -0.5206286836935163 -91.9557713059321 0.0656020074695931 139.85913022826202 1233.8321248322886 6.780571214285691
7_105 mixed 58 101.5307142857138 4.80560595065312 2100.61621576272 20110.493408721843 105 211 1413.799 12880.63 64.55571 7559.343326817516 -0.5206286836935163 625.2768398915478 30.540602007469587 175.720760788136 1649.556170436092 8.30432121428569
7_11 mixed 58 33.2207142857138 4.585782300224045 754.8794394116085 5670.725422827059 108 59 1413.799 12880.63 64.55571 -6880.424659077267 2.4793713163064837 -720.4599364595638 -37.769397992530415 108.43392197058043 927.567771141353 4.88882121428569
7_115 mixed 58 97.1007142857138 5.32062755030252 1828.46806875116 14832.655247198501 110 162 1413.799 12880.63 64.55571 2281.5051652941747 4.479371316306484 353.12869287998774 26.110602007469595 162.113353437558 1385.664262359925 8.08282121428569
7_118 mixed 58 101.13571428571379 4.83887623040467 2088.73286521363 19755.667701791936 103.5 212 1413.799 12880.63 64.55571 7204.517619887609 -2.0206286836935163 613.3934893424575 30.145602007469577 175.1265932606815 1631.8148850895966 8.28457121428569
7_119 mixed 58 86.8107142857138 5.15222353776936 1684.0401370762752 13722.56738362101 105 213 1413.799 12880.63 64.55571 1171.4173017166831 -0.5206286836935163 208.70076120510294 15.820602007469589 154.89195685381375 1330.1598691810505 7.568321214285691
7_12 mixed 58 65.6257142857138 4.91051251380199 1342.020592432005 9245.814497447975 105 214 1413.799 12880.63 64.55571 -3305.335584456352 -0.5206286836935163 -133.3187834391672 -5.364397992530414 137.79097962160026 1106.3222248723987 6.50907121428569
7_126 mixed 58 55.305714285713805 4.435909037351244 1246.764386896845 8769.00123189606 105.5 154 1413.799 12880.63 64.55571 -3782.148850008267 -0.020628683693516336 -228.5749889743272 -15.684397992530407 133.02816934484227 1082.481561594803 5.99307121428569
7_131 mixed 58 92.1907142857138 5.3049502256286996 1733.813734592545 12781.560653287774 107.5 215 1413.799 12880.63 64.55571 230.41057138344695 1.9793713163064837 258.4743587213727 21.200602007469584 157.38063672962727 1283.1095326643886 7.83732121428569
7_14 mixed 58 80.1057142857138 5.18672749527095 1543.55518148171 11533.057020798351 106.5 218 1413.799 12880.63 64.55571 -1018.0930611059757 0.9793713163064837 68.2158056105377 9.11560200746959 147.8677090740855 1220.6843510399176 7.2330712142856894
7_141 mixed 58 65.9657142857138 4.094104924068111 1618.27073440383 13508.88228230501 102 216 1413.799 12880.63 64.55571 957.7322004006837 -3.5206286836935163 142.93135853265767 -5.02439799253041 151.60348672019148 1319.4756141152507 6.5260712142856905
7_149 mixed 58 73.1307142857138 4.5292243321532 1566.509994587672 13877.08020026467 109 217 1413.799 12880.63 64.55571 1325.9301183603438 3.4793713163064837 91.1706187164998 2.1406020074695817 149.0154497293836 1337.8855100132337 6.8843212142856895
7_152 mixed 58 95.8057142857138 4.885375920454015 1962.2914873752852 20653.518240650264 106.5 121 1413.799 12880.63 64.55571 8102.368158745938 0.9793713163064837 486.95211150411296 24.815602007469593 168.80452436876425 1676.707412032513 8.01807121428569
7_158 mixed 58 50.0257142857138 4.762424677187945 1025.5365387633774 10255.365387633774 102 219 1413.799 12880.63 64.55571 -2295.784694270553 -3.5206286836935163 -449.80283710779486 -20.964397992530408 121.96677693816886 1156.7997693816887 5.729071214285691
7_163 mixed 58 107.4557142857138 4.35694644216939 2537.748676370025 22306.143452185242 105.5 NA 1413.799 12880.63 64.55571 9754.993370280916 -0.020628683693516336 1062.4093004988526 36.465602007469585 197.57738381850123 1759.338672609262 8.60057121428569
7_165 mixed 58 95.22571428571379 4.27552286423254 2137.3144643106302 18871.52229719825 104.5 221 1413.799 12880.63 64.55571 6320.3722152939245 -1.0206286836935163 661.975088439458 24.23560200746958 177.5556732155315 1587.6076148599125 7.98907121428569
7_167 mixed 58 66.7057142857138 4.684042598691245 1361.39114875824 12835.0173957973 101 222 1413.799 12880.63 64.55571 283.86731389297347 -4.520628683693516 -113.94822711293227 -4.284397992530415 138.759507437912 1285.782369789865 6.56307121428569
7_170 mixed 58 66.7307142857138 4.90903149419844 1360.3439022317784 9457.554732638428 105 NA 1413.799 12880.63 64.55571 -3093.595349265899 -0.5206286836935163 -114.99547363939382 -4.25939799253041 138.70714511158891 1116.9092366319214 6.564321214285689
7_173 mixed 58 58.2307142857138 4.65899064918796 1260.140051327965 8988.12108368447 105.5 224 1413.799 12880.63 64.55571 -3563.0289982198574 -0.020628683693516336 -215.19932454320724 -12.75939799253041 133.69695256639824 1093.4375541842232 6.13932121428569
7_174 mixed 58 83.3607142857138 4.94551195946742 1684.481426972955 12300.530229448455 106.5 225 1413.799 12880.63 64.55571 -250.6198524558713 0.9793713163064837 209.14205110178273 12.370602007469586 154.91402134864774 1259.0580114724228 7.395821214285689
7_176 mixed 58 50.6857142857138 4.786961875444 1080.462825057308 8002.0540222993 103.5 219 1413.799 12880.63 64.55571 -4549.096059605026 -2.0206286836935163 -394.87655081386424 -20.30439799253041 124.71309125286538 1044.134201114965 5.76207121428569
7_177 mixed 58 122.40571428571378 4.87219512195122 2513.79591172498 20139.6115692754 106.5 226 1413.799 12880.63 64.55571 7588.4614873710725 0.9793713163064837 1038.456535853808 51.41560200746957 196.37974558624902 1651.01207846377 9.34807121428569
7_18 mixed 58 96.30571428571379 4.97191270860077 1959.50107320753 15566.078969138176 105 NA 1413.799 12880.63 64.55571 3014.9288872338493 -0.5206286836935163 484.16169733635775 25.31560200746958 168.6650036603765 1422.3354484569088 8.043071214285689
7_181 mixed 58 52.0207142857138 4.32310288237062 1205.09862568908 10845.88763120172 108 NA 1413.799 12880.63 64.55571 -1705.2624507026067 2.4793713163064837 -270.24075018209214 -18.96939799253041 130.944881284454 1186.3258815600861 5.828821214285691
7_184 mixed 58 63.6557142857138 5.225275870234435 1217.330843710432 12173.30843710432 101.5 222 1413.799 12880.63 64.55571 -377.8416448000062 -4.020628683693516 -258.0085321607403 -7.334397992530413 131.5564921855216 1252.696921855216 6.4105712142856905
7_187 mixed 58 61.540714285713804 4.37615552561899 1341.385939368123 11116.959894943546 105 229 1413.799 12880.63 64.55571 -1434.190186960781 -0.5206286836935163 -133.95343650304926 -9.449397992530407 137.75924696840616 1199.8794947471772 6.30482121428569
7_190 mixed 58 83.9557142857138 4.910972580051525 1727.103107854395 12320.812316957039 106 121 1413.799 12880.63 64.55571 -230.33776494728772 0.47937131630648366 251.76373198322267 12.965602007469585 157.04510539271973 1260.0721158478518 7.425571214285691
7_198 mixed 58 83.05571428571379 5.240634739475875 1584.2581720942849 13557.15803627895 108 231 1413.799 12880.63 64.55571 1006.0079543746233 2.4793713163064837 108.91879622311262 12.065602007469579 149.90285860471425 1321.8894018139476 7.380571214285689
7_20 mixed 58 66.11571428571379 4.30571133221346 1585.9926899729498 6064.01641536412 112.5 235 1413.799 12880.63 64.55571 -6487.133666540207 6.979371316306484 110.6533141017776 -4.874397992530419 149.9895844986475 947.232320768206 6.533571214285689
7_207 mixed 58 89.8457142857138 5.13921998350418 1757.33431609654 14148.579003833049 106.5 234 1413.799 12880.63 64.55571 1597.428921928722 0.9793713163064837 281.9949402253678 18.855602007469585 158.556665804827 1351.4604501916524 7.72007121428569
7_211 mixed 58 63.1707142857138 4.0038647342995155 1402.0319884156165 12618.287895740548 104.5 121 1413.799 12880.63 64.55571 67.13781383622154 -1.0206286836935163 -73.30738745555573 -7.819397992530412 140.79154942078083 1274.9458947870273 6.38632121428569
7_214 mixed 58 54.7157142857138 5.319273470525385 1026.1926476653844 9557.142588304085 101.5 221 1413.799 12880.63 64.55571 -2994.007493600242 -4.020628683693516 -449.1467282057879 -16.27439799253041 121.99958238326921 1121.8886294152042 5.9635712142856905
7_219 mixed 58 73.0557142857138 4.3857351198614545 1665.21855352885 12683.648414022491 101.5 221 1413.799 12880.63 64.55571 132.4983321181644 -4.020628683693516 189.8791776576777 2.065602007469593 153.9508776764425 1278.2139207011246 6.88057121428569
7_31 mixed 58 102.35571428571379 4.94666666666667 2069.1855987678 4138.3711975356 112 113 1413.799 12880.63 64.55571 -8412.778884368727 6.479371316306484 593.8462228966278 31.365602007469576 174.14922993839 850.95005987678 8.34557121428569
7_34 mixed 58 13.7507142857138 4.017099516272955 345.39216138736947 3344.8493652869192 105 236 1413.799 12880.63 64.55571 -9206.300716617407 -0.5206286836935163 -1129.9472144838028 -57.239397992530414 87.95955806936847 811.273968264346 3.91532121428569
7_38 mixed 58 113.9557142857138 5.11609756097561 2227.39525444044 22273.952544404397 103.5 NA 1413.799 12880.63 64.55571 9722.80246250007 -2.0206286836935163 752.0558785692679 42.965602007469585 182.059712722022 1757.7291272202197 8.925571214285691
7_40 mixed 58 100.52571428571379 4.578420441347269 2152.714668692245 17221.71734953796 109 59 1413.799 12880.63 64.55571 4670.567267633634 3.4793713163064837 677.3752928210729 29.535602007469578 178.32568343461224 1505.117367476898 8.254071214285691
7_44 mixed 58 63.395714285713794 4.52599033816425 1419.1232784154122 13004.43299871971 102.5 238 1413.799 12880.63 64.55571 453.28291681538394 -3.0206286836935163 -56.216097455760064 -7.594397992530418 141.6461139207706 1294.2531499359854 6.39757121428569
7_5 mixed 58 78.53571428571381 4.888758011432531 1602.5291379857802 11727.97982271512 109 107 1413.799 12880.63 64.55571 -823.1702591892063 3.4793713163064837 127.1897621146079 7.545602007469597 150.816406899289 1230.430491135756 7.15457121428569
7_51 mixed 58 43.3407142857138 4.221838711504695 1032.808584454211 8738.095798823384 105 228 1413.799 12880.63 64.55571 -3813.0542830809427 -0.5206286836935163 -442.53079141696116 -27.64939799253041 122.33037922271055 1080.9362899411692 5.39482121428569
7_53 mixed 58 59.8007142857138 4.4243180117462995 1308.1585952885289 12741.02162770771 108 239 1413.799 12880.63 64.55571 189.87154580338392 2.4793713163064837 -167.18078058264337 -11.18939799253041 136.09787976442644 1281.0825813853855 6.21782121428569
7_58 mixed 58 78.01571428571378 28.38018691588785 496.91464327676454 3828.313695417403 103.5 NA 1413.799 12880.63 64.55571 -8722.836386486924 -2.0206286836935163 -978.4247325944077 7.025602007469573 95.53568216383823 835.4471847708701 7.12857121428569
7_65 mixed 58 81.0057142857138 4.9340626161278305 1642.2588728646501 12486.2228516192 105 241 1413.799 12880.63 64.55571 -64.92723028512592 -0.5206286836935163 166.91949699347788 10.015602007469582 152.8028936432325 1268.34264258096 7.27807121428569
7_67 mixed 58 106.9057142857138 5.0789644012945 2106.136060259335 20269.26119646935 105 188 1413.799 12880.63 64.55571 7718.111114565023 -0.5206286836935163 630.7966843881627 35.91560200746959 175.99675301296674 1657.4945598234674 8.57307121428569
7_69 mixed 58 49.2307142857138 4.040937522608765 1272.7361293613437 10024.519624278277 99 232 1413.799 12880.63 64.55571 -2526.63045762605 -6.520628683693516 -202.60324650982852 -21.75939799253041 134.3267564680672 1145.2574812139137 5.68932121428569
7_7 mixed 58 94.1057142857138 5.09114645929068 1847.967549146535 18479.67549146535 106.5 243 1413.799 12880.63 64.55571 5928.5254095610235 0.9793713163064837 372.62817327536277 23.11560200746959 163.08832745732676 1568.0152745732673 7.93307121428569
7_74 mixed 58 101.3907142857138 4.64133080748283 2183.657484683075 18082.02774974573 105 NA 1413.799 12880.63 64.55571 5530.8776678414015 -0.5206286836935163 708.3181088119027 30.400602007469587 179.87282423415374 1548.1328874872863 8.297321214285692
7_81 mixed 58 106.10571428571379 5.008013640238705 2123.9367714813 18223.008379911393 106.5 107 1413.799 12880.63 64.55571 5671.858298007066 0.9793713163064837 648.5973956101279 35.115602007469576 176.886788574065 1555.1819189955695 8.53307121428569
7_84 mixed 58 52.9957142857138 5.311219512195125 991.7171454874924 4074.5170807241125 106.5 244 1413.799 12880.63 64.55571 -8476.633001180215 0.9793713163064837 -483.62223038367983 -17.99439799253041 120.27580727437461 847.7573540362057 5.87757121428569
7_86 mixed 58 78.7557142857138 5.23461538461538 1504.51768657499 9027.10611944994 110 203 1413.799 12880.63 64.55571 -3524.043962454387 4.479371316306484 29.178310703817715 7.765602007469582 145.9158343287495 1095.3868059724969 7.1655712142856895
7_87 mixed 58 44.805714285713805 4.767786183011305 940.0102265575736 9852.584673036112 103.5 245 1413.799 12880.63 64.55571 -2698.565408868215 -2.0206286836935163 -535.3291493135987 -26.184397992530407 117.69046132787867 1136.6607336518057 5.468071214285691
7_93 mixed 58 68.1257142857138 5.2960468249175445 1278.5608463210215 11984.088965991792 106 185 1413.799 12880.63 64.55571 -567.0611159125347 0.47937131630648366 -196.77852955015078 -2.8643979925304137 134.61799231605107 1243.2359482995896 6.63407121428569
7_94 mixed 58 71.84071428571379 5.2406315216405055 1362.778245263305 12897.620014968048 106.5 233 1413.799 12880.63 64.55571 346.4699330637213 0.9793713163064837 -112.5611306078672 0.8506020074695755 138.82886226316526 1288.9125007484024 6.819821214285691
7_95 mixed 58 55.205714285713796 5.536326473730664 997.5016450572389 2140.681350664011 106.5 59 1413.799 12880.63 64.55571 -10410.468731240315 0.9793713163064837 -477.8377308139334 -15.784397992530415 120.56503225286194 751.0655675332006 5.98807121428569
7_96 mixed 58 60.7007142857138 5.55851582627898 1079.0640124024255 10790.640124024256 110 187 1413.799 12880.63 64.55571 -1760.509957880071 4.479371316306484 -396.2753634687467 -10.28939799253041 124.64315062012129 1183.5635062012127 6.26282121428569
7_97 mixed 58 64.0957142857138 5.18697722180732 1239.41378087714 7553.666356541984 107.5 107 1413.799 12880.63 64.55571 -4997.483725362343 1.9793713163064837 -235.92559499403228 -6.894397992530415 132.660639043857 1021.7148178270993 6.43257121428569
7_98 mixed 58 94.4707142857138 5.111686113832725 1845.59897269638 18455.989726963802 101.5 246 1413.799 12880.63 64.55571 5904.8396450594755 -4.020628683693516 370.25959682520784 23.480602007469585 162.969898634819 1566.83098634819 7.95132121428569
