Pedigree Haplotype Generation Genotypes Condition "Brown Bag Weight" "100 seed weight" Fecundity Fitness FT_DAYS Atlas_Avg_Fec Atlas_Avg_Fitness Atlas_Avg_Total_Weight Numbers Exp_Fec_Per_Plant Exp_Fit_Per_Plant Exp_TW_Per_Plant Centered_Fit Centered_FT Centered_Fec Centered_TW
UCRKL000001_100 30 18 1_100 single 92.55999999999999 4.34 2149.0110496944208 18918.12872017883 114.5 2363.51 21347.22 126.8267 0 214.9011049694421 1891.812872017883 9.255999999999998 -97.23867005310603 -0.5777559055118076 -2.308252266466752 -14.325797244094503
UCRKL000001_103 32 18 1_103 single 133.95999999999998 4.39 3050.7805483306593 18243.215433415877 106.5 2363.51 21347.22 126.8267 0 305.07805483306595 1824.3215433415876 13.395999999999997 -772.1519568160584 -8.577755905511808 899.4612463697717 27.07420275590549
UCRKL000001_104 33 18 1_104 single 132.45999999999998 4.6899999999999995 2824.3070362473345 28243.070362473343 112 2363.51 21347.22 126.8267 0 282.43070362473344 2824.3070362473345 13.245999999999999 9227.702972241408 -3.0777559055118076 672.987734286447 25.57420275590549
UCRKL000001_107 35 18 1_107 single 64.86 4.789999999999999 1351.216747114559 11553.701257080069 118.5 2363.51 21347.22 126.8267 0 135.1216747114559 1155.370125708007 6.486 -7461.666133151866 3.4222440944881924 -800.1025548463285 -42.02579724409449
UCRKL000001_110 32 18 1_110 single 93.16000000000001 4.49 2078.840303522067 18889.49235983941 108 2363.51 21347.22 126.8267 0 207.8840303522067 1888.949235983941 9.316 -125.87503039252624 -7.0777559055118076 -72.47899843882033 -13.72579724409448
UCRKL000001_113 39 18 1_113 single 105.16000000000001 3.9899999999999993 2635.5889724310787 26355.889724310786 112 2363.51 21347.22 126.8267 0 263.5588972431079 2635.5889724310787 10.516000000000002 7340.522334078851 -3.0777559055118076 484.26967047019116 -1.7257972440944798
UCRKL000001_120 45 18 1_120 single 77.56 4.39 1755.9621674180148 12528.365597100681 111.5 2363.51 21347.22 126.8267 0 175.59621674180147 1252.836559710068 7.756 -6487.001793131254 -3.5777559055118076 -395.3571345428727 -29.32579724409449
UCRKL000001_124 47 18 1_124 single 73.81 3.8399999999999994 1961.0951166305372 12445.335120460099 112 2363.51 21347.22 126.8267 0 196.10951166305372 1244.53351204601 7.381 -6570.032269771837 -3.0777559055118076 -190.22418533035034 -33.07579724409449
UCRKL000001_128 50 18 1_128 single 97.01 4.74 2081.5949340311154 20815.949340311156 112 2363.51 21347.22 126.8267 0 208.15949340311153 2081.5949340311154 9.701 1800.5819500792204 -3.0777559055118076 -69.72436792977214 -9.875797244094485
UCRKL000001_130 51 18 1_130 single 107.76000000000002 4.49 2417.991958290466 23172.883335569906 113 2363.51 21347.22 126.8267 0 241.7991958290466 2317.2883335569904 10.776000000000002 4157.515945337971 -2.0777559055118076 266.67265632957833 0.8742027559055288
UCRKL000001_131 52 18 1_131 single 151.85999999999999 4.739999999999999 3240.5184533878446 29860.89595672414 118 2363.51 21347.22 126.8267 0 324.05184533878446 2986.089595672414 15.185999999999998 10845.528566492205 2.9222440944881924 1089.199151426957 44.974202755905495
UCRKL000001_133 53 18 1_133 single 84.26 4.9399999999999995 1722.4382821119639 15469.176534282706 117 2363.51 21347.22 126.8267 0 172.2438282111964 1546.9176534282706 8.426 -3546.1908559492294 1.9222440944881924 -428.88101984892364 -22.625797244094485
UCRKL000001_134 54 18 1_134 single 172.61 5.49 3127.0520177496924 25177.675812559533 115 2363.51 21347.22 126.8267 0 312.7052017749692 2517.7675812559532 17.261000000000003 6162.308422327598 -0.07775590551180755 975.7327157888049 65.72420275590552
UCRKL000001_136 56 18 1_136 single 116.01 4.99 2335.8829670174646 22099.128177637336 118.5 2363.51 21347.22 126.8267 0 233.58829670174646 2209.9128177637335 11.601 3083.760787405401 3.4222440944881924 184.56366505657707 9.124202755905515
UCRKL000001_14 64 18 1_14 single 111.36000000000001 4.4399999999999995 2506.5491017751424 23604.556823312756 115 2363.51 21347.22 126.8267 0 250.65491017751424 2360.4556823312755 11.136000000000001 4589.189433080821 -0.07775590551180755 355.2297998142549 4.474202755905523
UCRKL000001_148 62 18 1_148 single 105.81 4.6899999999999995 2244.4611318308603 22444.611318308605 120.5 2363.51 21347.22 126.8267 0 224.44611318308603 2244.4611318308607 10.581 3429.2439280766703 5.4222440944881924 93.14182986997275 -1.0757972440944883
UCRKL000001_156 66 18 1_156 single 143.41 4.34 3265.5430390004885 22109.720336390616 114.5 2363.51 21347.22 126.8267 0 326.55430390004886 2210.9720336390615 14.341 3094.3529461586804 -0.5777559055118076 1114.223737039601 36.524202755905506
UCRKL000001_157 67 18 1_157 single 141.81 4.6899999999999995 3012.784895911508 20579.105889630267 119 2363.51 21347.22 126.8267 0 301.2784895911508 2057.910588963027 14.181000000000001 1563.7384993983324 3.9222440944881924 861.4655939506206 34.92420275590551
UCRKL000001_158 31 18 1_158 single 112.60999999999999 4.34 2574.4024110858923 25744.024110858925 107 2363.51 21347.22 126.8267 0 257.44024110858925 2574.4024110858927 11.261 6728.65672062699 -8.077755905511808 423.08310912500474 5.724202755905495
UCRKL000001_169 69 18 1_169 single 144.41 5.04 2886.503072326957 25550.625712831155 112 2363.51 21347.22 126.8267 0 288.6503072326957 2555.0625712831156 14.440999999999999 6535.25832259922 -3.0777559055118076 735.1837703660694 37.524202755905506
UCRKL000001_178 73 18 1_178 single 131.66 4.49 2956.2149293492575 29562.149293492577 117 2363.51 21347.22 126.8267 0 295.62149293492575 2956.2149293492575 13.166 10546.781903260642 1.9222440944881924 804.89562738837 24.774202755905506
UCRKL000001_187 76 18 1_187 single 74.41 4.54 1601.451645084213 11670.06827549625 108.5 2363.51 21347.22 126.8267 0 160.1451645084213 1167.006827549625 7.441 -7345.299114735684 -6.5777559055118076 -549.8676568766746 -32.475797244094494
UCRKL000001_19 82 18 1_19 single 56.21 4.84 1139.1570220271124 10668.448832987888 117 2363.51 21347.22 126.8267 0 113.91570220271123 1066.8448832987888 5.621 -8346.918557244047 1.9222440944881924 -1012.1622799337752 -50.67579724409449
UCRKL000001_2 87 18 1_2 single 111.16 4.14 2638.4889706097642 26384.889706097645 109.5 2363.51 21347.22 126.8267 0 263.8488970609764 2638.4889706097647 11.116 7369.52231586571 -5.5777559055118076 487.1696686488767 4.274202755905506
UCRKL000001_200 83 18 1_200 single 87.26 4.539999999999999 1909.4831731353001 16040.78565843092 114.5 2363.51 21347.22 126.8267 0 190.94831731353003 1604.0785658430918 8.726 -2974.581731801016 -0.5777559055118076 -241.83612882558737 -19.625797244094485
UCRKL000001_206 20 18 1_206 single 136.31 5.289999999999999 2566.069685888018 22658.962754833938 112 2363.51 21347.22 126.8267 0 256.6069685888018 2265.8962754833938 13.631 3643.5953646020025 -3.0777559055118076 414.7503839271303 29.42420275590551
UCRKL000001_212 44 18 1_212 single 77.06 4.89 1569.2938618722276 15692.938618722275 115 2363.51 21347.22 126.8267 0 156.92938618722275 1569.2938618722276 7.706 -3322.42877150966 -0.07775590551180755 -582.0254400886599 -29.82579724409449
UCRKL000001_214 85 18 1_214 single 115.75999999999999 5.39 2116.9116237570624 18775.794033897837 111 2363.51 21347.22 126.8267 0 211.69116237570626 1877.5794033897837 11.575999999999999 -239.5733563340982 -4.0777559055118076 -34.40767820382507 8.8742027559055
UCRKL000001_218 48 18 1_218 single 77.26 4.539999999999999 1680.0170964248077 12929.202830623974 115 2363.51 21347.22 126.8267 0 168.00170964248076 1292.9202830623974 7.726000000000001 -6086.164559607962 -0.07775590551180755 -471.3022055360798 -29.625797244094485
UCRKL000001_22 54 18 1_22 single 130.06 5.64 2287.3206356662467 14579.825182260507 115 2363.51 21347.22 126.8267 0 228.73206356662467 1457.9825182260506 13.006 -4435.542207971428 -0.07775590551180755 136.00133370535923 23.17420275590551
UCRKL000001_221 86 18 1_221 single 107.76 5.34 2026.8476429638579 12371.603250792037 118 2363.51 21347.22 126.8267 0 202.6847642963858 1237.1603250792036 10.776 -6643.764139439898 2.9222440944881924 -124.47165899702964 0.8742027559055146
UCRKL000001_24 68 18 1_24 single 110.31 5.14 2167.491413671503 18123.93374455817 112.5 2363.51 21347.22 126.8267 0 216.7491413671503 1812.393374455817 11.031 -891.4336456737656 -2.5777559055118076 16.172111710615354 3.4242027559055117
UCRKL000001_3 73 18 1_3 single 124.06 5.1899999999999995 2405.0775497356303 24050.775497356306 116.5 2363.51 21347.22 126.8267 0 240.50775497356304 2405.077549735631 12.406 5035.408107124371 1.4222440944881924 253.7582477747428 17.17420275590551
UCRKL000001_58 94 18 1_58 single 130.71 5.14 2548.2539899836866 13667.92612113123 111.5 2363.51 21347.22 126.8267 0 254.82539899836866 1366.792612113123 13.071000000000002 -5347.4412691007055 -3.5777559055118076 396.93468802279904 23.824202755905517
UCRKL000001_6 70 18 1_6 single 118.26 5.49 2195.5993403057664 20085.880317435694 112 2363.51 21347.22 126.8267 0 219.55993403057664 2008.5880317435694 11.826 1070.5129272037593 -3.0777559055118076 44.2800383448789 11.374202755905515
UCRKL000001_61 97 18 1_61 single 103.26 4.6899999999999995 2200.3432833776897 20913.91119368578 111 2363.51 21347.22 126.8267 0 220.03432833776895 2091.391119368578 10.326 1898.5438034538456 -4.0777559055118076 49.023981416802144 -3.6257972440944854
UCRKL000001_65 65 18 1_65 single 90.21000000000001 4.6899999999999995 1963.535462031703 17671.819158285325 117.5 2363.51 21347.22 126.8267 0 196.3535462031703 1767.1819158285325 9.021 -1343.54823194661 2.4222440944881924 -187.78383992918452 -16.675797244094483
UCRKL000001_67 98 18 1_67 single 91.21000000000001 4.539999999999999 1986.929491818487 17213.43137873924 125 2363.51 21347.22 126.8267 0 198.6929491818487 1721.3431378739238 9.121 -1801.9360114926967 9.922244094488192 -164.38981014240062 -15.675797244094483
UCRKL000001_74 99 18 1_74 single 138.26 5.289999999999999 2666.664519522905 22596.704134325315 113.5 2363.51 21347.22 126.8267 0 266.66645195229046 2259.6704134325314 13.825999999999999 3581.33674409338 -1.5777559055118076 515.3452175620173 31.3742027559055
UCRKL000001_75 37 18 1_75 single 134.56 4.99 2667.223382045929 26672.233820459292 110.5 2363.51 21347.22 126.8267 0 266.7223382045929 2667.223382045929 13.456 7656.866430227357 -4.5777559055118076 515.9040800850416 27.67420275590551
UCRKL000001_78 20 18 1_78 single 103.71000000000001 5.039999999999999 2103.2929747490984 21032.929747490984 112 2363.51 21347.22 126.8267 0 210.32929747490985 2103.2929747490984 10.371 2017.5623572590484 -3.0777559055118076 -48.02632721178907 -3.1757972440944826
UCRKL000001_83 65 18 1_83 single 87.26 4.9399999999999995 1759.9058286951781 17599.058286951782 118 2363.51 21347.22 126.8267 0 175.99058286951782 1759.9058286951781 8.726 -1416.309103280153 2.9222440944881924 -391.4134732657094 -19.625797244094485
UCRKL000001_84 100 18 1_84 single 178.45999999999998 5.289999999999999 3343.480651665283 26350.37683159563 108 2363.51 21347.22 126.8267 0 334.3480651665283 2635.037683159563 17.845999999999997 7335.009441363694 -7.0777559055118076 1192.1613497043954 71.57420275590549
UCRKL000001_92 102 18 1_92 single 100.46000000000001 5.239999999999999 1924.743476023085 15556.571065628528 113.5 2363.51 21347.22 126.8267 0 192.47434760230848 1555.6571065628527 10.046000000000001 -3458.796324603407 -1.5777559055118076 -226.57582593780262 -6.425797244094483
UCRKL000001_93 103 18 1_93 single 37.410000000000004 3.44 961.2270612270612 9612.270612270611 112 2363.51 21347.22 126.8267 0 96.12270612270612 961.2270612270611 3.7410000000000005 -9403.096777961324 -3.0777559055118076 -1190.0922407338262 -69.47579724409448
UCRKL000001_95 49 18 1_95 single 144.81 4.54 3194.5433133324573 30303.70819159963 110 2363.51 21347.22 126.8267 0 319.4543313332457 3030.370819159963 14.481 11288.340801367696 -5.0777559055118076 1043.2240113715698 37.92420275590551
UCRKL000001_98 58 18 1_98 single 64.21000000000001 5.64 1130.2909502937434 8163.813235746865 124 2363.51 21347.22 126.8267 0 113.02909502937435 816.3813235746865 6.421000000000001 -10851.554154485071 8.922244094488192 -1021.0283516671441 -42.67579724409448
UCRKL000001_99 104 18 1_99 single 95.66 4.09 2209.595766502206 21519.913096776934 113 2363.51 21347.22 126.8267 0 220.9595766502206 2151.9913096776936 9.565999999999999 2504.545706544999 -2.0777559055118076 58.276464541318546 -11.225797244094494
UCRKL000002_100 105 28 2_100 single 100.25999999999999 5.04 1958.5754821599821 15049.485577625093 111 2363.51 21347.22 126.8267 0 195.8575482159982 1504.9485577625094 10.026 -3965.881812606842 -4.0777559055118076 -192.74381980090538 -6.6257972440945
UCRKL000002_101 106 28 2_101 single 132.41 4.789999999999999 2806.231267037425 26993.943318704307 111 2363.51 21347.22 126.8267 0 280.6231267037425 2699.3943318704305 13.241 7978.575928472372 -4.0777559055118076 654.9119650765374 25.524202755905506
UCRKL000002_104 108 28 2_104 single 141.41 4.89 2877.8714303156357 22010.340138345662 110.5 2363.51 21347.22 126.8267 0 287.7871430315636 2201.0340138345664 14.141 2994.972748113727 -4.5777559055118076 726.5521283547482 34.524202755905506
UCRKL000002_108 111 28 2_108 single 70.76 5.39 1327.4092225902584 7005.4918126408265 122.5 2363.51 21347.22 126.8267 0 132.74092225902584 700.5491812640827 7.0760000000000005 -12009.875577591109 7.4222440944881924 -823.9100793706291 -36.125797244094485
UCRKL000002_110 114 28 2_110 single 165.76 4.489999999999999 3691.759465478842 25717.149220489977 113 2363.51 21347.22 126.8267 0 369.17594654788417 2571.714922048998 16.576 6701.781830258042 -2.0777559055118076 1540.4401635179543 58.8742027559055
UCRKL000002_111 115 28 2_111 single 50.56 3.8899999999999997 1272.2186396846187 12722.186396846188 124 2363.51 21347.22 126.8267 0 127.22186396846186 1272.2186396846187 5.056 -6293.180993385748 8.922244094488192 -879.1006622762688 -56.32579724409449
UCRKL000002_117 120 28 2_117 single 80.76 4.489999999999999 1798.6636971046773 17393.541202672608 132 2363.51 21347.22 126.8267 0 179.86636971046772 1739.354120267261 8.076 -1621.826187559327 16.922244094488192 -352.6556048562102 -26.125797244094485
UCRKL000002_119 122 28 2_119 single 130.66 5.4399999999999995 2377.143710278883 23771.437102788834 112.5 2363.51 21347.22 126.8267 0 237.71437102788832 2377.143710278883 13.065999999999999 4756.069712556899 -2.5777559055118076 225.82440831799568 23.774202755905506
UCRKL000002_120 123 28 2_120 single 137.10999999999999 4.89 2803.885480572597 20846.216768916154 121 2363.51 21347.22 126.8267 0 280.3885480572597 2084.6216768916156 13.710999999999999 1830.8493786842191 5.9222440944881924 652.5661786117093 30.224202755905495
UCRKL000002_121 124 28 2_121 single 142.60999999999999 3.9899999999999998 3559.73051338905 35597.3051338905 122.5 2363.51 21347.22 126.8267 0 355.973051338905 3559.73051338905 14.261 16581.937743658564 7.4222440944881924 1408.4112114281625 35.724202755905495
UCRKL000002_123 125 28 2_123 single 52.01 3.69 1408.1323817993398 13352.300071291553 122.5 2363.51 21347.22 126.8267 0 140.813238179934 1335.2300071291552 5.201 -5663.067318940382 7.4222440944881924 -743.1869201615477 -54.87579724409449
UCRKL000002_124 126 28 2_124 single 114.71000000000001 4.39 2613.7487553500405 23534.928918105943 118 2363.51 21347.22 126.8267 0 261.37487553500404 2353.4928918105943 11.471 4519.561527874008 2.9222440944881924 462.42945338915297 7.824202755905517
UCRKL000002_125 127 28 2_125 single 113.16000000000001 4.59 2465.3594771241833 24653.594771241835 124 2363.51 21347.22 126.8267 0 246.53594771241833 2465.3594771241833 11.316 5638.2273810098995 8.922244094488192 314.04017516329577 6.27420275590552
UCRKL000002_13 135 28 2_13 single 141.26 4.59 3123.3034087267615 31233.034087267617 119 2363.51 21347.22 126.8267 0 312.3303408726762 3123.3034087267615 14.126 12217.666697035682 3.9222440944881924 971.984106765874 34.3742027559055
UCRKL000002_132 131 28 2_132 single 82.56 4.59 1792.1863795879021 17921.863795879024 114.5 2363.51 21347.22 126.8267 0 179.21863795879023 1792.1863795879024 8.256 -1093.503594352911 -0.5777559055118076 -359.1329223729854 -24.32579724409449
UCRKL000002_137 133 28 2_137 single 159.41 4.09 3836.687482344739 34530.187341102646 111 2363.51 21347.22 126.8267 0 383.66874823447387 3453.0187341102646 15.940999999999999 15514.819950870711 -4.0777559055118076 1685.3681803838513 52.524202755905506
UCRKL000002_138 134 28 2_138 single 127.60999999999999 5.49 2342.616935900814 22129.9021684384 115.5 2363.51 21347.22 126.8267 0 234.2616935900814 2212.99021684384 12.761 3114.5347782064637 0.42224409448819245 191.29763393992653 20.724202755905495
UCRKL000002_139 118 28 2_139 single 60.46 4.99 1169.6613999135009 10404.239271466162 106 2363.51 21347.22 126.8267 0 116.96613999135009 1040.4239271466163 6.046 -8611.128118765773 -9.077755905511808 -981.6579020473866 -46.42579724409449
UCRKL000002_142 120 28 2_142 single 90.26 4.34 2081.0615352756586 14335.148223075332 132 2363.51 21347.22 126.8267 0 208.10615352756585 1433.5148223075332 9.026 -4680.219167156603 16.922244094488192 -70.25776668522894 -16.625797244094485
UCRKL000002_144 129 28 2_144 single 152.86 5.39 2905.5534211774157 29055.534211774157 115 2363.51 21347.22 126.8267 0 290.5553421177416 2905.5534211774157 15.286000000000001 10040.166821542221 -0.07775590551180755 754.2341192165281 45.97420275590552
UCRKL000002_146 119 28 2_146 single 71.81 4.489999999999999 1599.331848552339 14486.414253897554 124.5 2363.51 21347.22 126.8267 0 159.9331848552339 1448.6414253897553 7.181 -4528.953136334381 9.422244094488192 -551.9874534085486 -35.07579724409449
UCRKL000002_148 137 28 2_148 single 90.41 5.04 1735.2838870973587 15340.251458386174 106 2363.51 21347.22 126.8267 0 173.52838870973588 1534.0251458386174 9.041 -3675.115931845761 -9.077755905511808 -416.0354148635288 -16.475797244094494
UCRKL000002_160 143 28 2_160 single 124.11 5.039999999999999 2509.2769247136425 24155.196992801164 105.5 2363.51 21347.22 126.8267 0 250.92769247136425 2415.5196992801166 12.411 5139.829602569229 -9.577755905511808 357.957622752755 17.22420275590551
UCRKL000002_163 134 28 2_163 single 115.46 5.539999999999999 2081.678511262957 19910.956333030295 111 2363.51 21347.22 126.8267 0 208.1678511262957 1991.0956333030294 11.546 895.5889427983602 -4.0777559055118076 -69.6407906979307 8.574202755905503
UCRKL000002_167 144 28 2_167 single 172.56 5.14 3365.1437894394157 9736.04937710801 105.5 2363.51 21347.22 126.8267 0 336.51437894394155 973.6049377108009 17.256 -9279.318013123926 -9.577755905511808 1213.8244874785282 65.67420275590551
UCRKL000002_17 149 28 2_17 single 99.81 5.29 1886.767485822306 17786.767485822304 106 2363.51 21347.22 126.8267 0 188.6767485822306 1778.6767485822304 9.981 -1228.5999044096316 -9.077755905511808 -264.55181613858144 -7.075797244094488
UCRKL000002_170 146 28 2_170 single 154.01 5.6899999999999995 2710.7124429572914 24396.411986615625 111 2363.51 21347.22 126.8267 0 271.0712442957291 2439.6411986615626 15.401 5381.04459638369 -4.0777559055118076 559.3931409964039 47.1242027559055
UCRKL000002_171 147 28 2_171 single 85.71000000000001 5.29 1633.2994400395182 13675.58312690875 120.5 2363.51 21347.22 126.8267 0 163.32994400395182 1367.558312690875 8.571000000000002 -5339.784263323185 5.4222440944881924 -518.0198619213693 -21.175797244094483
UCRKL000002_173 148 28 2_173 single 85.91 4.64 1949.6360190230168 15993.010872416133 124 2363.51 21347.22 126.8267 0 194.9636019023017 1599.3010872416132 8.591 -3022.3565178158024 8.922244094488192 -201.68328293787067 -20.975797244094494
UCRKL000002_175 116 28 2_175 single 74.56 5.289999999999999 1398.801178066211 13147.756771554641 118 2363.51 21347.22 126.8267 0 139.8801178066211 1314.775677155464 7.456 -5867.610618677294 2.9222440944881924 -752.5181238946766 -32.32579724409449
UCRKL000002_183 150 28 2_183 single 81.36 5.24 1571.3862898258071 12307.226144610373 114.5 2363.51 21347.22 126.8267 0 157.1386289825807 1230.7226144610372 8.136 -6708.141245621562 -0.5777559055118076 -579.9330121350804 -25.52579724409449
UCRKL000002_195 151 28 2_195 single 141.60999999999999 4.64 3050.751615262425 30507.516152624245 121 2363.51 21347.22 126.8267 0 305.0751615262425 3050.7516152624244 14.160999999999998 11492.14876239231 5.9222440944881924 899.4323133015373 34.724202755905495
UCRKL000002_20 122 28 2_20 single 97.21000000000001 5.39 1822.5219822074241 18225.219822074243 119.5 2363.51 21347.22 126.8267 0 182.2521982207424 1822.5219822074243 9.721 -790.1475681576921 4.4222440944881924 -328.7973197534634 -9.675797244094483
UCRKL000002_202 143 28 2_202 single 111.91000000000001 4.9399999999999995 2261.784332946422 21546.235813806597 109 2363.51 21347.22 126.8267 0 226.17843329464222 2154.6235813806597 11.191 2530.8684235746623 -6.0777559055118076 110.46503098553467 5.02420275590552
UCRKL000002_209 152 28 2_209 single 82.06 4.09 2006.356968215159 20063.56968215159 112 2363.51 21347.22 126.8267 0 200.6356968215159 2006.3569682151588 8.206 1048.2022919196534 -3.0777559055118076 -144.96233374572853 -24.82579724409449
UCRKL000002_212 153 28 2_212 single 122.61 4.99 2466.0154223032087 23316.104118647956 112 2363.51 21347.22 126.8267 0 246.60154223032086 2331.6104118647954 12.261 4300.736728416021 -3.0777559055118076 314.69612034232114 15.724202755905509
UCRKL000002_217 155 28 2_217 single 138.45999999999998 4.289999999999999 3227.892464101154 29042.738821940635 124.5 2363.51 21347.22 126.8267 0 322.7892464101154 2904.2738821940634 13.845999999999998 10027.3714317087 9.422244094488192 1076.5731621402665 31.57420275590549
UCRKL000002_219 157 28 2_219 single 169.31 5.1899999999999995 3368.7721323085802 26950.177058468642 108.5 2363.51 21347.22 126.8267 0 336.87721323085805 2695.0177058468644 16.931 7934.809668236707 -6.5777559055118076 1217.4528303476927 62.42420275590551
UCRKL000002_3 165 28 2_3 single 77.31 5.34 1477.5083561443914 11447.992567569974 117 2363.51 21347.22 126.8267 0 147.75083561443915 1144.7992567569975 7.731 -7567.374822661961 1.9222440944881924 -673.8109458164961 -29.57579724409449
UCRKL000002_30 117 28 2_30 single 136.51 5.84 2344.0184480121643 18752.147584097314 118 2363.51 21347.22 126.8267 0 234.40184480121644 1875.2147584097315 13.651 -263.21980613462074 2.9222440944881924 192.69914605127678 29.6242027559055
UCRKL000002_34 162 28 2_34 single 97.75999999999999 5.59 1727.2182835281997 9960.477050911319 119 2363.51 21347.22 126.8267 0 172.72182835281995 996.0477050911319 9.776 -9054.890339320616 3.9222440944881924 -424.10101843268785 -9.1257972440945
UCRKL000002_35 163 28 2_35 single 155.81 4.84 3275.7139608034986 30728.63181293476 113 2363.51 21347.22 126.8267 0 327.57139608034987 3072.863181293476 15.581 11713.264422702825 -2.0777559055118076 1124.394658842611 48.92420275590551
UCRKL000002_37 164 28 2_37 single 58.760000000000005 4.6899999999999995 1247.7547349824936 11813.619494113515 119 2363.51 21347.22 126.8267 0 124.77547349824935 1181.3619494113514 5.876 -7201.747896118421 3.9222440944881924 -903.5645669783939 -48.125797244094485
UCRKL000002_43 165 28 2_43 single 85.01 5.039999999999999 1645.5210035167393 13097.325062996704 122 2363.51 21347.22 126.8267 0 164.55210035167391 1309.7325062996704 8.501000000000001 -5918.042327235231 6.9222440944881924 -505.79829844414826 -21.875797244094485
UCRKL000002_44 166 28 2_44 single 48.86 5.34 901.2266127588787 9012.266127588786 120.5 2363.51 21347.22 126.8267 0 90.12266127588786 901.2266127588786 4.886 -10003.10126264315 5.4222440944881924 -1250.0926892020088 -58.02579724409449
UCRKL000002_46 122 28 2_46 single 111.51 4.9399999999999995 2296.2308774288317 20316.295106862348 116.5 2363.51 21347.22 126.8267 0 229.62308774288317 2031.6295106862349 11.151 1300.9277166304128 1.4222440944881924 144.9115754679442 4.6242027559055146
UCRKL000002_47 167 28 2_47 single 108.25999999999999 4.99 2186.240312413369 17332.955271372957 105 2363.51 21347.22 126.8267 0 218.6240312413369 1733.2955271372957 10.825999999999999 -1682.412118858978 -10.077755905511808 34.92101045248137 1.3742027559055003
UCRKL000002_56 172 28 2_56 single 92.21000000000001 5.34 1694.7063373491424 16947.063373491423 114.5 2363.51 21347.22 126.8267 0 169.47063373491423 1694.7063373491424 9.221 -2068.3040167405125 -0.5777559055118076 -456.61296461174516 -14.675797244094483
UCRKL000002_58 150 28 2_58 single 100.86000000000001 5.6899999999999995 1766.6737728672902 13081.922134579083 113 2363.51 21347.22 126.8267 0 176.66737728672902 1308.1922134579083 10.086000000000002 -5933.445255652852 -2.0777559055118076 -384.64552909359736 -6.025797244094477
UCRKL000002_6 176 28 2_6 single 63.11 4.1899999999999995 1488.0076044324937 13945.45189853906 120.5 2363.51 21347.22 126.8267 0 148.80076044324937 1394.545189853906 6.311 -5069.915491692875 5.4222440944881924 -663.3116975283938 -43.77579724409449
UCRKL000002_66 174 28 2_66 single 131.31 4.59 2842.876436767944 22743.011494143553 110 2363.51 21347.22 126.8267 0 284.2876436767944 2274.301149414355 13.131 3727.644103911618 -5.0777559055118076 691.5571348070566 24.42420275590551
UCRKL000002_74 143 28 2_74 single 99.26 5.1899999999999995 1912.5240847784203 19125.240847784204 105 2363.51 21347.22 126.8267 0 191.25240847784204 1912.5240847784203 9.926 109.87345755226852 -10.077755905511808 -238.79521718246724 -7.6257972440944854
UCRKL000002_77 178 28 2_77 single 132.91 5.14 2594.720465153253 25108.47632783311 111 2363.51 21347.22 126.8267 0 259.4720465153253 2510.847632783311 13.291 6093.108937601173 -4.0777559055118076 443.4011631923654 26.024202755905506
UCRKL000002_79 179 28 2_79 single 122.01 4.989999999999999 2327.799481543686 11638.997407718429 112 2363.51 21347.22 126.8267 0 232.77994815436858 1163.899740771843 12.201 -7376.369982513506 -3.0777559055118076 176.48017958279843 15.124202755905515
UCRKL000002_81 120 28 2_81 single 78.00999999999999 4.24 1775.3465396441354 17256.550229346238 124.5 2363.51 21347.22 126.8267 0 177.53465396441354 1725.6550229346237 7.800999999999999 -1758.8171608856974 9.422244094488192 -375.9727623167521 -28.8757972440945
UCRKL000002_84 172 28 2_84 single 121.86 5.49 2250.452443667981 22504.524436679807 118.5 2363.51 21347.22 126.8267 0 225.04524436679807 2250.452443667981 12.186 3489.157046447872 3.4222440944881924 99.13314170709327 14.974202755905509
UCRKL000002_85 180 28 2_85 single 90.01 4.789999999999999 1876.612511540599 17807.775410101473 115.5 2363.51 21347.22 126.8267 0 187.6612511540599 1780.7775410101472 9.001000000000001 -1207.5919801304626 0.42224409448819245 -274.7067904202886 -16.875797244094485
UCRKL000002_89 139 28 2_89 single 102.56 4.539999999999999 2267.2382588274113 22672.382588274115 117 2363.51 21347.22 126.8267 0 226.72382588274112 2267.2382588274113 10.256 3657.0151980421797 1.9222440944881924 115.91895686652379 -4.325797244094488
UCRKL000002_90 181 28 2_90 single 103.41000000000001 5.4399999999999995 1950.991626716932 19509.91626716932 118 2363.51 21347.22 126.8267 0 195.0991626716932 1950.991626716932 10.341000000000001 494.5488769373842 2.9222440944881924 -200.32767524395558 -3.4757972440944798
UCRKL000002_99 183 28 2_99 single 119.21000000000001 4.99 2415.833268813086 20422.909442096818 118.5 2363.51 21347.22 126.8267 0 241.58332688130858 2042.2909442096818 11.921000000000001 1407.5420518648825 3.4222440944881924 264.51396685219834 12.324202755905517
UCRKL000003_104 186 50 3_104 single 105.31 4.84 2182.629224333529 21826.292243335287 114.5 2363.51 21347.22 126.8267 0 218.26292243335288 2182.629224333529 10.531 2810.924853103352 -0.5777559055118076 31.309922372641267 -1.5757972440944883
UCRKL000003_112 162 50 3_112 single 92.50999999999999 4.64 1963.4395153228468 19634.39515322847 124.5 2363.51 21347.22 126.8267 0 196.34395153228468 1963.439515322847 9.251 619.0277629965349 9.422244094488192 -187.87978663804074 -14.3757972440945
UCRKL000003_139 191 50 3_139 single 164.76 4.39 3766.617836420413 33701.38618816501 108.5 2363.51 21347.22 126.8267 0 376.6617836420413 3370.1386188165006 16.476 14686.018797933073 -6.5777559055118076 1615.2985344595254 57.8742027559055
UCRKL000003_146 193 50 3_146 single 128.20999999999998 4.99 2498.243337739136 23371.104401356504 124 2363.51 21347.22 126.8267 0 249.82433377391362 2337.1104401356506 12.820999999999998 4355.737011124569 8.922244094488192 346.9240357782487 21.32420275590549
UCRKL000003_158 187 50 3_158 single 89.46 4.4399999999999995 1964.7821796137039 16255.914281686171 118 2363.51 21347.22 126.8267 0 196.47821796137038 1625.591428168617 8.946 -2759.453108545764 2.9222440944881924 -186.53712234718364 -17.425797244094497
UCRKL000003_169 195 50 3_169 single 57.06 5.1899999999999995 1143.6343264845746 4224.829405570691 120.5 2363.51 21347.22 126.8267 0 114.36343264845746 422.4829405570691 5.706 -14790.537984661245 5.4222440944881924 -1007.684975476313 -49.82579724409449
UCRKL000003_186 162 50 3_186 single 135.51 5.24 2603.8792739707433 26038.79273970743 118.5 2363.51 21347.22 126.8267 0 260.38792739707435 2603.8792739707433 13.550999999999998 7023.425349475496 3.4222440944881924 452.55997200985576 28.6242027559055
UCRKL000003_196 197 50 3_196 single 73.16 4.789999999999999 1539.2720080684246 15392.720080684245 128.5 2363.51 21347.22 126.8267 0 153.92720080684245 1539.2720080684244 7.316 -3622.6473095476904 13.422244094488192 -612.0472938924629 -33.725797244094494
UCRKL000003_207 199 50 3_207 single 50.36 4.79 1051.356993736952 10513.56993736952 124 2363.51 21347.22 126.8267 0 105.1356993736952 1051.356993736952 5.036 -8501.797452862415 8.922244094488192 -1099.9623082239355 -56.52579724409449
UCRKL000003_4 205 50 3_4 single 137.91 4.9399999999999995 2792.2817557879607 22344.6359876204 110 2363.51 21347.22 126.8267 0 279.2281755787961 2234.46359876204 13.791 3329.2685973884654 -5.0777559055118076 640.9624538270732 31.024202755905506
UCRKL000003_41 203 50 3_41 single 72.76 4.89 1487.9345603271986 11903.476482617589 118 2363.51 21347.22 126.8267 0 148.79345603271986 1190.3476482617589 7.276000000000001 -7111.890907614346 2.9222440944881924 -663.3847416336889 -34.125797244094485
UCRKL000003_67 207 50 3_67 single 132.20999999999998 5.79 2283.419689119171 22834.19689119171 117 2363.51 21347.22 126.8267 0 228.3419689119171 2283.419689119171 13.220999999999998 3818.829500959775 1.9222440944881924 132.1003871582834 25.32420275590549
UCRKL000003_72 208 50 3_72 single 95.66 5.24 1820.946160210825 13576.289133263594 121.5 2363.51 21347.22 126.8267 0 182.0946160210825 1357.6289133263595 9.565999999999999 -5439.0782569683415 6.4222440944881924 -330.3731417500626 -11.225797244094494
UCRKL000003_79 185 50 3_79 single 98.81 5.1899999999999995 1903.8535645472064 6190.558766859346 117 2363.51 21347.22 126.8267 0 190.38535645472064 619.0558766859347 9.881 -12824.808623372588 1.9222440944881924 -247.46573741368115 -8.075797244094488
UCRKL000003_87 198 50 3_87 single 67.16 4.789999999999999 1392.3987408367934 13111.76295947014 117.5 2363.51 21347.22 126.8267 0 139.23987408367935 1311.1762959470138 6.715999999999999 -5903.604430761796 2.4222440944881924 -758.9205611240941 -39.725797244094494
UCRKL000003_95 210 50 3_95 single 130.41 5.539999999999999 2350.0001630305424 17698.331545431723 124 2363.51 21347.22 126.8267 0 235.00001630305422 1769.8331545431724 13.041 -1317.0358448002116 8.922244094488192 198.68086106965484 23.524202755905506
UCRKL0000048_5 NA 0 48_5 single 140.95999999999998 5.29 2664.650283553875 23981.852551984874 117 2363.51 21347.22 126.8267 0 266.4650283553875 2398.1852551984875 14.095999999999998 4966.485161752938 1.9222440944881924 513.3309815929874 34.07420275590549
UCRKL0000050_3 NA 0 50_3 single 108.76 5.84 1875.735171003816 15319.054962679664 115.5 2363.51 21347.22 126.8267 0 187.5735171003816 1531.9054962679663 10.876000000000001 -3696.3124275522714 0.42224409448819245 -275.58413095707147 1.8742027559055146
UCRKL0000052_5_1 NA 0 52_5_1 single 81.06 4.49 1798.9459109384075 12773.77283487427 110 2363.51 21347.22 126.8267 0 179.89459109384075 1277.377283487427 8.106 -6241.594555357666 -5.0777559055118076 -352.37339102248006 -25.82579724409449
UCRKL0000054_5 NA 0 54_5 single 124.41 5.039999999999999 2462.4844238916735 19871.752554481765 121 2363.51 21347.22 126.8267 0 246.24844238916734 1987.1752554481766 12.440999999999999 856.3851642498303 5.9222440944881924 311.165121930786 17.524202755905506
UCRKL0000056_5 NA 0 56_5 single 31.609999999999996 3.59 885.6384932138365 7909.272470132286 132.5 2363.51 21347.22 126.8267 0 88.56384932138364 790.9272470132286 3.1609999999999996 -11106.09492009965 17.422244094488192 -1265.680808747051 -75.27579724409449
UCRKL0000060_4 NA 0 60_4 single 66.26 4.289999999999999 1624.2173341978819 16242.173341978818 106 2363.51 21347.22 126.8267 0 162.42173341978818 1624.2173341978819 6.626 -2773.194048253117 -9.077755905511808 -527.1019677630056 -40.625797244094485
UCRKL0000063_4 NA 0 63_4 single 111.06 4.59 2435.6204975757546 21805.245487484623 117 2363.51 21347.22 126.8267 0 243.56204975757547 2180.524548748462 11.106 2789.8780972526874 1.9222440944881924 284.3011956148671 4.174202755905512
UCRKL0000065_2 NA 0 65_2 single 101.96000000000001 3.69 2705.9281664078003 23264.295746910324 110 2363.51 21347.22 126.8267 0 270.59281664078003 2326.4295746910325 10.196000000000002 4248.928356678389 -5.0777559055118076 554.6088644469128 -4.925797244094483
UCRKL0000066_5 NA 0 66_5 single 69.96000000000001 4.539999999999999 1553.0712852917322 13384.251375727936 111 2363.51 21347.22 126.8267 0 155.3071285291732 1338.4251375727936 6.996 -5631.116014503999 -4.0777559055118076 -598.2480166691553 -36.92579724409448
UCRKL0000068_3_1 NA 0 68_3_1 single 36.26 3.6899999999999995 982.6558265582656 8289.430894308944 111 2363.51 21347.22 126.8267 0 98.26558265582656 828.9430894308944 3.626 -10725.936495922992 -4.0777559055118076 -1168.6634754026218 -70.62579724409449
UCRKL000007_10 203 58 7_10 single 103.11000000000001 4.6899999999999995 2179.763913089698 20781.013214026563 124.5 2363.51 21347.22 126.8267 0 217.97639130896977 2078.101321402656 10.311000000000002 1765.645823794628 9.422244094488192 28.444611128810266 -3.775797244094477
UCRKL000007_100 185 58 7_100 single 82.21000000000001 5.14 1592.6253262669006 13653.668016562424 118.5 2363.51 21347.22 126.8267 0 159.26253262669007 1365.3668016562424 8.221 -5361.699373669511 3.4222440944881924 -558.6939756939869 -24.675797244094483
UCRKL000007_102 203 58 7_102 single 97.66 4.39 2273.1536565840493 21861.390428053433 120.5 2363.51 21347.22 126.8267 0 227.31536565840491 2186.1390428053433 9.766 2846.0230378214983 5.4222440944881924 121.83435462316174 -9.225797244094494
UCRKL000007_105 211 58 7_105 single 184.60999999999999 5.64 3274.765234953802 21430.57277952377 118 2363.51 21347.22 126.8267 0 327.4765234953802 2143.057277952377 18.461 2415.205389291834 2.9222440944881924 1123.4459329929145 77.7242027559055
UCRKL000007_11 59 58 7_11 single 48.41 4.89 1061.5397353102271 10137.073127237061 118.5 2363.51 21347.22 126.8267 0 106.15397353102271 1013.7073127237061 4.840999999999999 -8878.294262994874 3.4222440944881924 -1089.7795666506604 -58.475797244094494
UCRKL000007_115 162 58 7_115 single 111.41 5.789999999999999 1929.363760327743 18479.03658460171 124.5 2363.51 21347.22 126.8267 0 192.9363760327743 1847.9036584601708 11.141 -536.3308056302267 9.422244094488192 -221.95554163314455 4.524202755905506
UCRKL000007_118 212 58 7_118 single 92.16 5.39 1703.6040782174846 16352.1088351049 115.5 2363.51 21347.22 126.8267 0 170.36040782174845 1635.21088351049 9.216 -2663.258555127035 0.42224409448819245 -447.71522374340293 -14.725797244094494
UCRKL000007_119 213 58 7_119 single 44.209999999999994 5.24 840.1022777391006 8043.851854011831 117.5 2363.51 21347.22 126.8267 0 84.01022777391006 804.3851854011831 4.420999999999999 -10971.515536220104 2.4222440944881924 -1311.217024221787 -62.6757972440945
UCRKL000007_12 214 58 7_12 single 100.91 5.24 1916.653848537093 18049.09878221694 116 2363.51 21347.22 126.8267 0 191.6653848537093 1804.909878221694 10.091 -966.2686080149942 0.9222440944881924 -234.6654534237946 -5.975797244094494
UCRKL000007_126 154 58 7_126 single 50.51 3.9399999999999995 1259.9161767274 9731.608359043019 124 2363.51 21347.22 126.8267 0 125.99161767273999 973.1608359043018 5.051 -9283.759031188916 8.922244094488192 -891.4031252334876 -56.37579724409449
UCRKL000007_131 215 58 7_131 single 81.31 5.49 1474.2175643176643 11197.427626992574 124.5 2363.51 21347.22 126.8267 0 147.42175643176643 1119.7427626992574 8.131 -7817.939763239361 9.422244094488192 -677.1017376432233 -25.57579724409449
UCRKL000007_14 218 58 7_14 single 90.46000000000001 5.34 1668.997051287909 13285.648312486164 117.5 2363.51 21347.22 126.8267 0 166.8997051287909 1328.5648312486164 9.046000000000001 -5729.719077745771 2.4222440944881924 -482.3222506729785 -16.425797244094483
UCRKL000007_141 216 58 7_141 single 67.91 4.14 1583.7592774327002 15837.592774327 115.5 2363.51 21347.22 126.8267 0 158.37592774327 1583.7592774327 6.7909999999999995 -3177.7746159049348 0.42224409448819245 -567.5600245281873 -38.975797244094494
UCRKL000007_149 217 58 7_149 single 165.66 4.79 3458.455114822547 34584.551148225466 117 2363.51 21347.22 126.8267 0 345.84551148225466 3458.4551148225464 16.566 15569.18375799353 1.9222440944881924 1307.1358128616594 58.774202755905506
UCRKL000007_152 121 58 7_152 single 77.86 5.6899999999999995 1353.9298673644546 13539.298673644545 123 2363.51 21347.22 126.8267 0 135.39298673644547 1353.9298673644546 7.786 -5476.06871658739 7.9222440944881924 -797.3894345964329 -29.02579724409449
UCRKL000007_158 219 58 7_158 single 48.71 5.09 960.0083763567546 8614.337661117657 111 2363.51 21347.22 126.8267 0 96.00083763567547 861.4337661117657 4.871 -10401.029729114278 -4.0777559055118076 -1191.310925604133 -58.17579724409449
UCRKL000007_165 221 58 7_165 single 141.01 5.539999999999999 2548.862299643848 25488.622996438477 112.5 2363.51 21347.22 126.8267 0 254.8862299643848 2548.8622996438476 14.100999999999999 6473.255606206541 -2.5777559055118076 397.5429976829605 34.1242027559055
UCRKL000007_167 222 58 7_167 single 158.36 5.6899999999999995 2770.7230046366703 22401.071049151185 111 2363.51 21347.22 126.8267 0 277.07230046366703 2240.1071049151187 15.836000000000002 3385.7036589192503 -4.0777559055118076 619.4037026757828 51.47420275590552
UCRKL000007_173 224 58 7_173 single 115.46 4.9399999999999995 2300.029240849879 17676.10940196284 114 2363.51 21347.22 126.8267 0 230.0029240849879 1767.610940196284 11.546 -1339.2579882690952 -1.0777559055118076 148.70993888899147 8.574202755905503
UCRKL000007_174 225 58 7_174 single 88.66 5.039999999999999 1723.0829672488305 13528.661737919214 117.5 2363.51 21347.22 126.8267 0 172.30829672488306 1352.8661737919215 8.866 -5486.705652312721 2.4222440944881924 -428.236334712057 -18.225797244094494
UCRKL000007_176 219 58 7_176 single 109.11000000000001 5.9399999999999995 1884.52835662138 15076.22685297104 114.5 2363.51 21347.22 126.8267 0 188.452835662138 1507.622685297104 10.911000000000001 -3939.140537260895 -0.5777559055118076 -266.7909453395075 2.224202755905523
UCRKL000007_177 226 58 7_177 single 125.06 4.54 2782.469305225047 24409.45296874316 122.5 2363.51 21347.22 126.8267 0 278.24693052250467 2440.9452968743162 12.506 5394.085578511225 7.4222440944881924 631.1500032641593 18.17420275590551
UCRKL000007_184 222 58 7_184 single 152.11 5.34 2894.384224970067 26049.4580247306 110.5 2363.51 21347.22 126.8267 0 289.4384224970067 2604.94580247306 15.211000000000002 7034.090634498665 -4.5777559055118076 743.0649230091794 45.22420275590552
UCRKL000007_187 229 58 7_187 single 116.00999999999999 4.9399999999999995 2364.8518729671755 20914.923444799457 113.5 2363.51 21347.22 126.8267 0 236.48518729671756 2091.4923444799456 11.600999999999999 1899.5560545675216 -1.5777559055118076 213.53257100628798 9.1242027559055
UCRKL000007_190 121 58 7_190 single 35.959999999999994 5.59 644.1801968078801 6441.8019680788 118.5 2363.51 21347.22 126.8267 0 64.418019680788 644.1801968078801 3.595999999999999 -12573.565422153135 3.4222440944881924 -1507.1391051530074 -70.9257972440945
UCRKL000007_198 231 58 7_198 single 151.70999999999998 5.74 2668.514983921258 25513.421244705314 118 2363.51 21347.22 126.8267 0 266.8514983921258 2551.3421244705314 15.170999999999998 6498.053854473379 2.9222440944881924 517.1956819603706 44.82420275590549
UCRKL000007_20 235 58 7_20 single 135.96 3.9899999999999998 3411.909822907215 34119.09822907215 117.5 2363.51 21347.22 126.8267 0 341.19098229072154 3411.909822907215 13.596 15103.730838840216 2.4222440944881924 1260.5905209463276 29.074202755905517
UCRKL000007_207 234 58 7_207 single 127.10999999999999 4.9399999999999995 2584.562324627893 24439.8663166414 124 2363.51 21347.22 126.8267 0 258.4562324627893 2443.98663166414 12.710999999999999 5424.498926409466 8.922244094488192 433.24302266700533 20.224202755905495
UCRKL000007_211 121 58 7_211 single 109.51 4.9399999999999995 2217.1824221039215 22171.824221039216 129 2363.51 21347.22 126.8267 0 221.71824221039213 2217.1824221039215 10.951 3156.456830807281 13.922244094488192 65.86312014303394 2.6242027559055146
UCRKL000007_214 221 58 7_214 single 110.76 5.64 1975.2711005407857 19752.71100540786 112 2363.51 21347.22 126.8267 0 197.52711005407858 1975.271100540786 11.076 737.3436151759233 -3.0777559055118076 -176.0482014201018 3.8742027559055146
UCRKL000007_219 221 58 7_219 single 99.51 5.59 1773.5488543038507 16940.86887699027 112 2363.51 21347.22 126.8267 0 177.35488543038508 1694.0868876990269 9.951 -2074.498513241666 -3.0777559055118076 -377.7704476570368 -7.3757972440944854
UCRKL000007_31 113 58 7_31 single 100.06 4.79 2088.935281837161 18800.41753653445 118 2363.51 21347.22 126.8267 0 208.89352818371609 1880.0417536534449 10.006 -214.9498536974861 2.9222440944881924 -62.384020123726714 -6.825797244094488
UCRKL000007_34 236 58 7_34 single 80.51 4.789999999999999 1666.8537243667727 16168.963682900136 112.5 2363.51 21347.22 126.8267 0 166.68537243667726 1616.8963682900135 8.051 -2846.4037073317995 -2.5777559055118076 -484.46557759411485 -26.375797244094485
UCRKL000007_40 59 58 7_40 single 61.21000000000001 4.6899999999999995 1305.1172707889127 11394.669509594883 118 2363.51 21347.22 126.8267 0 130.51172707889128 1139.4669509594883 6.121 -7620.697880637052 2.9222440944881924 -846.2020311719748 -45.67579724409448
UCRKL000007_44 238 58 7_44 single 104.11000000000001 4.6899999999999995 2218.0795060107876 19976.39408211277 112 2363.51 21347.22 126.8267 0 221.80795060107874 1997.639408211277 10.411000000000001 961.0266918808338 -3.0777559055118076 66.76020404990004 -2.775797244094477
UCRKL000007_51 228 58 7_51 single 86.26 5.289999999999999 1699.7633776279622 16350.945569494485 119 2363.51 21347.22 126.8267 0 169.97633776279622 1635.0945569494484 8.626000000000001 -2664.4218207374506 3.9222440944881924 -451.5559243329253 -20.625797244094485
UCRKL000007_53 239 58 7_53 single 76.66 4.84 1597.3926531100583 14376.533877990525 122.5 2363.51 21347.22 126.8267 0 159.73926531100582 1437.6533877990526 7.6659999999999995 -4638.83351224141 7.4222440944881924 -553.9266488508292 -30.225797244094494
UCRKL000007_65 241 58 7_65 single 116.66000000000001 5.539999999999999 2107.1696465520336 19118.923656933574 121 2363.51 21347.22 126.8267 0 210.71696465520336 1911.8923656933573 11.666 103.55626670163838 5.9222440944881924 -44.14965540885396 9.77420275590552
UCRKL000007_67 188 58 7_67 single 40.76 4.49 895.1779604577506 8463.725654673844 124 2363.51 21347.22 126.8267 0 89.51779604577506 846.3725654673844 4.076 -10551.64173555809 8.922244094488192 -1256.141341503137 -66.12579724409449
UCRKL000007_69 232 58 7_69 single 138.46 5.09 2758.7332657555316 13948.330944807582 112 2363.51 21347.22 126.8267 0 275.87332657555316 1394.833094480758 13.846 -5067.036445424354 -3.0777559055118076 607.4139637946441 31.574202755905517
UCRKL000007_7 243 58 7_7 single 147.95999999999998 5.739999999999999 2571.8802740450847 24366.04814946587 118.5 2363.51 21347.22 126.8267 0 257.1880274045085 2436.604814946587 14.795999999999998 5350.6807592339355 3.4222440944881924 420.56097208419715 41.07420275590549
UCRKL000007_81 107 58 7_81 single 111.31 5.39 2133.7573217655568 20006.44315368968 122 2363.51 21347.22 126.8267 0 213.3757321765557 2000.6443153689681 11.131 991.0757634577458 6.9222440944881924 -17.56198019533076 4.424202755905512
UCRKL000007_84 244 58 7_84 single 99.56 5.14 1897.6866243787454 17079.179619408707 120.5 2363.51 21347.22 126.8267 0 189.76866243787453 1707.9179619408708 9.956 -1936.1877708232278 5.4222440944881924 -253.63267758214215 -7.325797244094488
UCRKL000007_86 203 58 7_86 single 104.75999999999999 4.89 2127.7896084444465 21277.896084444466 119 2363.51 21347.22 126.8267 0 212.77896084444464 2127.7896084444465 10.475999999999999 2262.5286942125313 3.9222440944881924 -23.529693516441057 -2.1257972440944997
UCRKL000007_87 245 58 7_87 single 80.71 4.89 1659.2973002372178 14748.484024416266 117 2363.51 21347.22 126.8267 0 165.9297300237218 1474.8484024416266 8.071 -4266.883365815669 1.9222440944881924 -492.02200172366975 -26.175797244094497
UCRKL000007_93 185 58 7_93 single 132.91 5.04 2679.471251938703 25027.90667387555 124.5 2363.51 21347.22 126.8267 0 267.9471251938703 2502.790667387555 13.291 6012.539283643615 9.422244094488192 528.1519499778155 26.024202755905506
UCRKL000007_95 59 58 7_95 single 148.61 5.34 2765.4333153204702 26375.60104686523 117.5 2363.51 21347.22 126.8267 0 276.54333153204703 2637.560104686523 14.861 7360.233656633296 2.4222440944881924 614.1140133595827 41.72420275590552
UCRKL000007_96 187 58 7_96 single 94.76 5.49 1740.7663097464795 17407.663097464792 121.5 2363.51 21347.22 126.8267 0 174.07663097464794 1740.7663097464792 9.476 -1607.7042927671428 6.4222440944881924 -410.55299221440805 -12.125797244094485
UCRKL000007_97 107 58 7_97 single 109.46 5.1899999999999995 2202.635079685679 20795.067844308458 119 2363.51 21347.22 126.8267 0 220.26350796856792 2079.506784430846 10.946 1779.7004540765229 3.9222440944881924 51.31577772479159 2.574202755905503
UCRKL000007_98 246 58 7_98 single 159.51 5.24 2953.520258593805 26581.682327344242 112 2363.51 21347.22 126.8267 0 295.3520258593805 2658.1682327344242 15.950999999999999 7566.314937112307 -3.0777559055118076 802.2009566329175 52.6242027559055
UCRKL0000070_4_1 NA 0 70_4_1 single 53.31 3.6399999999999997 1459.6971151282464 10217.879805897725 132 2363.51 21347.22 126.8267 0 145.96971151282463 1021.7879805897725 5.331 -8797.48758433421 16.922244094488192 -691.6221868326411 -53.57579724409449
UCRKL0000071_5 NA 0 71_5 single 97.66000000000001 7.589999999999999 1286.6930171278 12866.930171278 118 2363.51 21347.22 126.8267 0 128.66930171278 1286.6930171278 9.766000000000002 -6148.437218953935 2.9222440944881924 -864.6262848330875 -9.22579724409448
UCRKL000001_135 55 18 1_135 single 65.41000000000001 4.89 1341.011459244167 11150.406868015783 121.5 2363.51 21347.22 126.8267 0 134.1011459244167 1115.0406868015784 6.541000000000001 -7864.960522216152 6.4222440944881924 -810.3078427167204 -41.47579724409448
UCRKL000001_191 79 18 1_191 single 127.85999999999999 5.74 2278.244801706989 20952.0880796677 113.5 2363.51 21347.22 126.8267 0 227.8244801706989 2095.20880796677 12.785999999999998 1936.720689435766 -1.5777559055118076 126.92549974610165 20.974202755905495
UCRKL000001_8 81 18 1_8 single 95.31 4.789999999999999 1953.6207267348723 18015.47833796376 111 2363.51 21347.22 126.8267 0 195.36207267348723 1801.547833796376 9.531 -999.8890522681759 -4.0777559055118076 -197.69857522601524 -11.575797244094488
UCRKL000002_106 110 28 2_106 single 62.260000000000005 5.289999999999999 1217.9810922900851 12179.810922900851 118 2363.51 21347.22 126.8267 0 121.79810922900852 1217.9810922900851 6.226000000000001 -6835.556467331084 2.9222440944881924 -933.3382096708024 -44.625797244094485
UCRKL000002_64 128 28 2_64 single 128.26 4.989999999999999 2570.3406813627257 25703.406813627258 112 2363.51 21347.22 126.8267 0 257.0340681362726 2570.3406813627257 12.825999999999999 6688.039423395323 -3.0777559055118076 419.0213794018382 21.3742027559055
UCRKL000002_156 141 28 2_156 single 113.46000000000001 4.84 2343.056213737721 23430.56213737721 108.5 2363.51 21347.22 126.8267 0 234.3056213737721 2343.056213737721 11.346 4415.194747145273 -6.5777559055118076 191.7369117768335 6.574202755905517
UCRKL000002_62 159 28 2_62 single 71.56 5.14 1463.5994014717028 14186.425793646216 105.5 2363.51 21347.22 126.8267 0 146.35994014717028 1418.6425793646217 7.156000000000001 -4828.941596585719 -9.577755905511808 -687.7199004891847 -35.32579724409449
UCRKL000003_118 189 50 3_118 single 135.16 5.04 2665.4711493304812 24317.341973471826 113 2363.51 21347.22 126.8267 0 266.54711493304814 2431.7341973471825 13.516 5301.974583239891 -2.0777559055118076 514.1518473695937 28.274202755905506
UCRKL000003_9 200 50 3_9 single 107.00999999999999 4.6899999999999995 2255.0588246069583 21579.02647450781 119.5 2363.51 21347.22 126.8267 0 225.50588246069583 2157.902647450781 10.700999999999999 2563.659084275874 4.4222440944881924 103.73952264607078 0.12420275590550034
UCRKL000007_94 233 58 7_94 single 125.46000000000001 5.49 2293.2064613127736 20201.823425743692 124 2363.51 21347.22 126.8267 0 229.32064613127736 2020.1823425743692 12.546000000000001 1186.4560355117574 8.922244094488192 141.8871593518861 18.574202755905517
UCRKL000002_19 6 28 2_19 single 135.06 5.59 2402.9558926892205 22950.54191365969 114 2363.51 21347.22 126.8267 0 240.29558926892204 2295.054191365969 13.506 3935.174523427755 -1.0777559055118076 251.63659072833298 28.17420275590551
UCRKL000001_116 41 18 1_116 single 101.31 3.8899999999999997 2559.2231137939516 21059.191868156708 117 2363.51 21347.22 126.8267 0 255.92231137939515 2105.919186815671 10.131 2043.8244779247725 1.9222440944881924 407.9038118330641 -5.575797244094488
UCRKL000001_126 42 18 1_126 single 128.01 5.739999999999999 2233.326128373851 12173.541844860752 124 2363.51 21347.22 126.8267 0 223.3326128373851 1217.3541844860752 12.800999999999998 -6841.825545371183 8.922244094488192 82.00682641296362 21.1242027559055
UCRKL000002_169 109 28 2_169 single 138.35999999999999 4.89 2850.922722271265 21906.980976566912 114.5 2363.51 21347.22 126.8267 0 285.0922722271265 2190.698097656691 13.835999999999999 2891.6135863349773 -0.5777559055118076 699.6034203103773 31.474202755905495
UCRKL000002_157 140 28 2_157 single 82.46000000000001 5.289999999999999 1526.2377389144758 14929.764422543582 121.5 2363.51 21347.22 126.8267 0 152.62377389144757 1492.976442254358 8.246 -4085.6029676883536 6.4222440944881924 -625.0815630464117 -24.425797244094483
UCRKL000002_166 112 28 2_166 single 187.81 5.34 3519.8834921492225 35198.83492149222 111.5 2363.51 21347.22 126.8267 0 351.98834921492227 3519.883492149222 18.781 16183.467531260285 -3.5777559055118076 1368.564190188335 80.92420275590551
UCRKL000001_85 63 18 1_85 single 79.86000000000001 5.539999999999999 1482.4703594380883 4157.347206728729 124 2363.51 21347.22 126.8267 0 148.24703594380884 415.7347206728729 7.9860000000000015 -14858.020183503206 8.922244094488192 -668.8489425227992 -27.025797244094477
NA NA 18 1_105_1 single 106.41 4.289999999999999 2475.3272069061545 23552.018936229462 114.5 2363.51 21347.22 126.8267 0 247.53272069061546 2355.201893622946 10.641 4536.651545997527 -0.5777559055118076 324.007904945267 -0.475797244094494
NA NA 18 1_112_2 single 58.61 4.539999999999999 1297.8075777960184 11473.292178871345 111 2363.51 21347.22 126.8267 0 129.78075777960186 1147.3292178871345 5.861 -7542.07521136059 -4.0777559055118076 -853.5117241648691 -48.27579724409449
NA NA 18 1_114_2 single 36.06 4.539999999999999 786.8357528983784 6856.41723047632 118 2363.51 21347.22 126.8267 0 78.68357528983783 685.641723047632 3.6060000000000003 -12158.950159755615 2.9222440944881924 -1364.4835490625092 -70.82579724409449
NA NA 18 1_118 single 57.71000000000001 4.39 1314.5785876993168 12622.32346241458 115 2363.51 21347.22 126.8267 0 131.45785876993168 1262.2323462414581 5.771000000000001 -6393.043927817354 -0.07775590551180755 -836.7407142615707 -49.17579724409448
NA NA 18 1_137 single 120.60999999999999 5.34 2291.9116018992654 19125.6327078596 111 2363.51 21347.22 126.8267 0 229.19116018992653 1912.56327078596 12.060999999999998 110.26531762766535 -4.0777559055118076 140.5922999383779 13.724202755905495
NA NA 18 1_147_1 single 66.46000000000001 4.99 1338.994613859156 13389.94613859156 114.5 2363.51 21347.22 126.8267 0 133.8994613859156 1338.994613859156 6.646000000000001 -5625.421251640375 -0.5777559055118076 -812.3246881017315 -40.42579724409448
NA NA 18 1_162_3 single 65.11000000000001 4.14 1644.2483751697928 15794.58796011476 113.5 2363.51 21347.22 126.8267 0 164.42483751697927 1579.4587960114761 6.511000000000001 -3220.7794301171743 -1.5777559055118076 -507.07092679109473 -41.77579724409448
NA NA 18 1_165_3 single 71.11 4.99 1466.1264624023538 14661.264624023537 115.5 2363.51 21347.22 126.8267 0 146.6126462402354 1466.1264624023538 7.111 -4354.102766208398 0.42224409448819245 -685.1928395585337 -35.77579724409449
NA NA 18 1_16_2 single 133.06 4.49 2949.8583133582465 27717.97311179597 110 2363.51 21347.22 126.8267 0 294.9858313358246 2771.7973111795973 13.306000000000001 8702.605721564036 -5.0777559055118076 798.539011397359 26.17420275590551
NA NA 18 1_172_2 single 152.86 4.89 3168.2399118636404 28480.238018439937 113 2363.51 21347.22 126.8267 0 316.823991186364 2848.0238018439936 15.286000000000001 9464.870628208002 -2.0777559055118076 1016.9206099027529 45.97420275590552
NA NA 18 1_174 single 60.46 4.489999999999999 1391.3310329933051 13913.310329933052 115 2363.51 21347.22 126.8267 0 139.13310329933051 1391.3310329933051 6.046 -5102.057060298883 -0.07775590551180755 -759.9882689675824 -46.42579724409449
NA NA 18 1_177 single 135.06 4.539999999999999 2984.7705824926784 21638.138626749107 113 2363.51 21347.22 126.8267 0 298.4770582492678 2163.8138626749105 13.506 2622.771236517172 -2.0777559055118076 833.4512805317909 28.17420275590551
NA NA 18 1_179_1 single 58.959999999999994 5.4399999999999995 1084.3206234306936 10274.004007961852 115 2363.51 21347.22 126.8267 0 108.43206234306936 1027.4004007961853 5.895999999999999 -8741.363382270083 -0.07775590551180755 -1066.998678530194 -47.9257972440945
NA NA 18 1_17_2 single 136.61 5.74 2375.1450139778 22287.201435114785 108.5 2363.51 21347.22 126.8267 0 237.51450139777998 2228.7201435114785 13.661000000000001 3271.8340448828494 -6.5777559055118076 223.82571201691235 29.724202755905523
NA NA 18 1_18 single 74.96 4.6899999999999995 1584.1766615833412 15841.766615833412 121 2363.51 21347.22 126.8267 0 158.41766615833413 1584.1766615833412 7.4959999999999996 -3173.600774398523 5.9222440944881924 -567.1426403775463 -31.925797244094497
NA NA 18 1_189 single 117.25999999999999 4.39 2641.2196787630137 18717.100838802842 113.5 2363.51 21347.22 126.8267 0 264.12196787630137 1871.7100838802842 11.725999999999999 -298.26655142909294 -1.5777559055118076 489.9003768021262 10.3742027559055
NA NA 18 1_192_3 single 100.06 3.9399999999999995 2551.600079891245 22018.314423591117 110 2363.51 21347.22 126.8267 0 255.1600079891245 2201.831442359112 10.006 3002.9470333591817 -5.0777559055118076 400.28077793035754 -6.825797244094488
NA NA 18 1_193_3 single 80.31 5.1899999999999995 1550.034724672344 14793.730989634592 113 2363.51 21347.22 126.8267 0 155.00347246723442 1479.3730989634591 8.031 -4221.636400597343 -2.0777559055118076 -601.2845772885435 -26.57579724409449
NA NA 18 1_195_3 single 101.25999999999999 3.5899999999999994 2548.52501635191 22205.126634156037 112 2363.51 21347.22 126.8267 0 254.852501635191 2220.5126634156036 10.126 3189.7592439241016 -3.0777559055118076 397.2057143910224 -5.6257972440945
NA NA 18 1_203 single 78.81 3.9899999999999993 1906.6687513162015 19066.68751316201 124 2363.51 21347.22 126.8267 0 190.66687513162015 1906.668751316201 7.881 51.32012293007574 8.922244094488192 -244.65055064468606 -28.07579724409449
NA NA 18 1_39_1 single 177.76 4.59 3872.7668845315907 38727.66884531591 107 2363.51 21347.22 126.8267 0 387.27668845315907 3872.7668845315907 17.776 19712.301455083973 -8.077755905511808 1721.4475825707032 70.8742027559055
NA NA 18 1_45 single 56.06 4.09 1398.2690331227725 11697.086205756668 114.5 2363.51 21347.22 126.8267 0 139.82690331227724 1169.7086205756668 5.606 -7318.281184475267 -0.5777559055118076 -753.050268838115 -50.82579724409449
NA NA 18 1_47_1 single 106.71000000000001 5.39 1979.7345987311414 18807.76682899478 113 2363.51 21347.22 126.8267 0 197.97345987311414 1880.776682899478 10.671000000000001 -207.6005612371555 -2.0777559055118076 -171.58470322974608 -0.1757972440944826
NA NA 18 1_51_1 single 93.26 4.6899999999999995 2011.2996368399122 16625.373578615232 115 2363.51 21347.22 126.8267 0 201.1299636839912 1662.537357861523 9.326 -2389.993811616703 -0.07775590551180755 -140.01966512097533 -13.625797244094485
NA NA 18 1_56 single 98.06 5.739999999999999 1701.3462023834504 14380.897123621338 115.5 2363.51 21347.22 126.8267 0 170.13462023834504 1438.089712362134 9.806000000000001 -4634.470266610597 0.42224409448819245 -449.9730995774371 -8.825797244094488
NA NA 18 1_60_3 single 144.70999999999998 4.89 2966.3159085292036 22675.929222816594 121 2363.51 21347.22 126.8267 0 296.63159085292034 2267.5929222816594 14.470999999999998 3660.561832584659 5.9222440944881924 814.9966065683161 37.82420275590549
NA NA 18 1_7_1 single 77.31 4.39 1783.4642713780036 14667.405549965853 115 2363.51 21347.22 126.8267 0 178.34642713780036 1466.7405549965854 7.731 -4347.961840266082 -0.07775590551180755 -367.85503058288396 -29.57579724409449
NA NA 18 1_89_2 single 94.75999999999999 4.039999999999999 2391.668251621255 23916.682516212553 113 2363.51 21347.22 126.8267 0 239.1668251621255 2391.6682516212554 9.475999999999999 4901.315125980618 -2.0777559055118076 240.34894966036745 -12.1257972440945
NA NA 0 45_3_2 single 43.01 4.99 882.9386299974535 7898.217468805704 132 2363.51 21347.22 126.8267 0 88.29386299974536 789.8217468805703 4.301 -11117.149921426231 16.922244094488192 -1268.380671963434 -63.87579724409449
NA NA 0 46_4_3 single 71.21000000000001 4.79 1486.6388308977037 9428.810020876828 112 2363.51 21347.22 126.8267 0 148.66388308977037 942.8810020876829 7.121 -9586.557369355107 -3.0777559055118076 -664.6804710631839 -35.67579724409448
NA NA 0 47_4 single 118.41000000000001 5.34 2218.250207799222 16592.315462015707 124 2363.51 21347.22 126.8267 0 221.82502077992223 1659.2315462015708 11.841000000000001 -2423.0519282162277 8.922244094488192 66.93090583833464 11.52420275590552
NA NA 0 49_4 single 51.41 3.5899999999999994 1454.2277199276293 14542.277199276294 124 2363.51 21347.22 126.8267 0 145.42277199276293 1454.2277199276293 5.141 -4473.090190955641 8.922244094488192 -697.0915820332582 -55.475797244094494
NA NA 0 51_5_3 single 18.41 4.4399999999999995 418.5794597559304 3616.2347456465104 105 2363.51 21347.22 126.8267 0 41.85794597559304 361.623474564651 1.841 -15399.132644585425 -10.077755905511808 -1732.739842204957 -88.4757972440945
NA NA 0 53_5 single 142.96 4.64 3093.1449196594062 22636.662625249104 108.5 2363.51 21347.22 126.8267 0 309.31449196594065 2263.6662625249105 14.296000000000001 3621.295235017169 -6.5777559055118076 941.8256176985187 36.07420275590552
NA NA 0 55_5_3 single 102.71000000000001 3.59 2839.1661023808965 28391.661023808967 115 2363.51 21347.22 126.8267 0 283.9166102380897 2839.1661023808965 10.271 9376.293633577032 -0.07775590551180755 687.846800420009 -4.175797244094483
NA NA 0 57_4_2 single 94.51 4.49 2106.018828690677 20032.301576667116 112 2363.51 21347.22 126.8267 0 210.60188286906768 2003.2301576667116 9.451 1016.9341864351809 -3.0777559055118076 -45.30047327021066 -12.375797244094485
NA NA 0 58_3_3 single 94.21000000000001 4.24 2216.248588324961 18114.93343569716 115 2363.51 21347.22 126.8267 0 221.6248588324961 1811.493343569716 9.421000000000001 -900.4339545347757 -0.07775590551180755 64.9292863640735 -12.675797244094483
NA NA 0 59_5_1 single 60.41 4.539999999999999 1324.0933309372435 10226.862757478473 117.5 2363.51 21347.22 126.8267 0 132.40933309372434 1022.6862757478473 6.0409999999999995 -8788.504632753462 2.4222440944881924 -827.225971023644 -46.475797244094494
NA NA 0 61_5_3 single 110.71 5.1899999999999995 2030.7845429319432 16597.633337192496 124 2363.51 21347.22 126.8267 0 203.0784542931943 1659.7633337192497 11.071 -2417.7340530394395 8.922244094488192 -120.53475902894434 3.824202755905503
NA NA 0 62_5 single 45.81 4.039999999999999 1144.3222154317218 9786.827045946999 106.5 2363.51 21347.22 126.8267 0 114.43222154317218 978.6827045946999 4.581 -9228.540344284937 -8.577755905511808 -1006.9970865291657 -61.07579724409449
NA NA 0 64_5_1 single 124.96000000000001 4.89 2473.4097911232766 21274.62455042734 113 2363.51 21347.22 126.8267 0 247.34097911232766 2127.462455042734 12.496 2259.257160195404 -2.0777559055118076 322.0904891623891 18.074202755905517
NA NA 0 67_3_3 single 43.86 4.4399999999999995 1005.6492527080763 10056.492527080763 132 2363.51 21347.22 126.8267 0 100.56492527080763 1005.6492527080763 4.386 -8958.874863151172 16.922244094488192 -1145.6700492528112 -63.02579724409449
NA NA 0 69_5_1 single 52.46 4.4399999999999995 1163.761293173058 8465.210171092525 137 2363.51 21347.22 126.8267 0 116.3761293173058 846.5210171092525 5.246 -10550.15721913941 21.922244094488192 -987.5580087878295 -54.42579724409449
NA NA 0 72_7_1 single 37.11 4.039999999999999 897.2391113619773 8649.51193624188 136.5 2363.51 21347.22 126.8267 0 89.72391113619773 864.9511936241881 3.711 -10365.855453990054 21.422244094488192 -1254.0801905989101 -69.77579724409449
NA NA 58 7_163 single 146.91 3.9399999999999995 3724.1914184914367 37241.91418491436 118 2363.51 21347.22 126.8267 0 372.41914184914367 3724.1914184914363 14.690999999999999 18226.54679468243 2.9222440944881924 1572.8721165305492 40.024202755905506
NA NA 58 7_170 single 106.91000000000001 5.4399999999999995 1994.981184957467 19183.31789447968 118 2363.51 21347.22 126.8267 0 199.4981184957467 1918.3317894479678 10.691 167.95050424774308 2.9222440944881924 -156.33811700342062 0.024202755905520235
NA NA 58 7_18 single 83.61000000000001 4.64 1801.9765565789903 17118.20654574536 114 2363.51 21347.22 126.8267 0 180.19765565789902 1711.820654574536 8.361 -1897.1608444865742 -1.0777559055118076 -349.3427453818972 -23.275797244094477
NA NA 58 7_181 single 97.71000000000001 5.4399999999999995 1815.8141755640668 17464.292897995678 121.5 2363.51 21347.22 126.8267 0 181.58141755640668 1746.4292897995679 9.771 -1551.0744922362574 6.4222440944881924 -335.50512639682074 -9.175797244094483
NA NA 58 7_38 single 139.56 6.14 2294.6246517160716 21608.94081767885 118 2363.51 21347.22 126.8267 0 229.46246517160716 2160.894081767885 13.956 2593.573427446914 2.9222440944881924 143.30534975518412 32.67420275590551
NA NA 58 7_58 single 107.50999999999999 4.64 2325.459072517896 23254.59072517896 112 2363.51 21347.22 126.8267 0 232.5459072517896 2325.459072517896 10.751 4239.223334947026 -3.0777559055118076 174.13977055700843 0.6242027559055003
NA NA 58 7_74 single 112.60999999999999 5.539999999999999 2082.4358584322076 19389.2911469425 121 2363.51 21347.22 126.8267 0 208.24358584322076 1938.92911469425 11.261 373.9237567105665 5.9222440944881924 -68.88344352867989 5.724202755905495
