Genotypes Condition Generation total_seed_mass_g 100_seed_weight Fecundity Fitness Flowering_Date Haplotype Atlas_Avg_Fec Atlas_Avg_Fit Atlas_Avg_TW Centered_Fit Centered_FT Centered_Fec Centered_TW Exp_Fec_Per_Plant Exp_Fit_Per_Plant Exp_TW_Per_Plant
1_100 single 18 81.05571428571429 4.46538461538462 1815.2011812476899 9990.452811615585 106.5 30 1413.799 12880.63 64.55571 -2560.6972702887415 0.9793713163064837 339.8618053765176 10.065602007470076 181.520118124769 999.0452811615585 8.105571428571428
1_103 single 18 43.41571428571429 4.56264039408867 941.159675044215 7937.713427686425 97.5 32 1413.799 12880.63 64.55571 -4613.436654217901 -8.020628683693516 -534.1797008269573 -27.574397992529924 94.11596750442149 793.7713427686425 4.341571428571429
1_104 single 18 88.3057142857143 4.713909542978925 1884.018423586725 16680.36280729582 110 33 1413.799 12880.63 64.55571 4129.212725391493 4.479371316306484 408.67904771555277 17.31560200747009 188.4018423586725 1668.036280729582 8.83057142857143
1_105_1 single 18 84.7557142857143 4.60961538461538 1838.67214971095 17382.77966505753 104 NA 1413.799 12880.63 64.55571 4831.6295831532025 -1.5206286836935163 363.3327738397777 13.765602007470093 183.867214971095 1738.2779665057528 8.475571428571431
1_107 single 18 62.5557142857143 5.1287565758010505 1221.91271236341 11700.305546646676 111 35 1413.799 12880.63 64.55571 -850.8445352576509 5.479371316306484 -253.4266635077622 -8.43439799252991 122.19127123634101 1170.0305546646675 6.255571428571431
1_110 single 18 93.2557142857143 4.199360485470885 2169.63069105997 20152.764798552416 97.5 32 1413.799 12880.63 64.55571 7601.61471664809 -8.020628683693516 694.2913151887979 22.265602007470093 216.96306910599702 2015.2764798552416 9.32557142857143
1_112_2 single 18 84.8857142857143 4.47709708737864 1894.03330311981 14133.479526626905 101 NA 1413.799 12880.63 64.55571 1582.329444722578 -4.520628683693516 418.6939272486377 13.895602007470089 189.403330311981 1413.3479526626904 8.48857142857143
1_113 single 18 77.54571428571421 4.997 1548.2871186397851 12506.03228062277 103.5 39 1413.799 12880.63 64.55571 -45.11780128155624 -2.0206286836935163 72.9477427686129 6.55560200747 154.82871186397853 1250.6032280622771 7.754571428571421
1_114_2 single 18 16.970714285714198 4.054523076923076 407.7860271294355 3497.4211342800513 115 NA 1413.799 12880.63 64.55571 -9053.728947624275 9.479371316306484 -1067.5533487417367 -54.01939799253002 40.77860271294355 349.74211342800515 1.69707142857142
1_116 single 18 35.2707142857142 4.273951219512195 803.49181620756 7092.650478303063 109 41 1413.799 12880.63 64.55571 -5458.4996036012635 3.4793713163064837 -671.8475596636123 -35.71939799253001 80.349181620756 709.2650478303063 3.52707142857142
1_118 single 18 56.4657142857142 4.4474349470643 1241.770757121538 12053.012662254492 106.5 NA 1413.799 12880.63 64.55571 -498.13741964983456 0.9793713163064837 -233.5686187496342 -14.524397992530012 124.17707571215381 1205.3012662254491 5.64657142857142
1_120 single 18 62.095714285714195 3.73903452685422 1618.8144176893452 14390.81496429139 101.5 45 1413.799 12880.63 64.55571 1839.6648823870637 -4.020628683693516 143.47504181817294 -8.894397992530017 161.8814417689345 1439.081496429139 6.20957142857142
1_124 single 18 130.4057142857142 5.38839001111091 2430.3140577488753 17165.223434223102 102 47 1413.799 12880.63 64.55571 4614.0733523187755 -3.5206286836935163 954.974681877703 59.415602007469985 243.03140577488753 1716.5223434223103 13.04057142857142
1_126 single 18 61.505714285714205 4.703958333333334 1289.3465899193984 12454.703438413177 113.5 42 1413.799 12880.63 64.55571 -96.4466434911501 7.979371316306484 -185.99278595177384 -9.484397992530006 128.93465899193984 1245.4703438413176 6.15057142857142
1_128 single 18 85.3557142857142 5.28 1616.5854978355 16165.854978355 102 50 1413.799 12880.63 64.55571 3614.704896450674 -3.5206286836935163 141.2461219643278 14.365602007469988 161.65854978355 1616.5854978355 8.53557142857142
1_130 single 18 58.2057142857142 4.83759201324991 1223.2999486188046 9463.243010739137 106.5 51 1413.799 12880.63 64.55571 -3087.9070711651893 0.9793713163064837 -252.03942725236766 -12.78439799253001 122.32999486188046 946.3243010739137 5.82057142857142
1_131 single 18 75.3807142857142 5.0248846153846145 1511.77470676022 7741.9484971909205 112.5 52 1413.799 12880.63 64.55571 -4809.201584713406 6.979371316306484 36.43533088904769 4.390602007469994 151.17747067602198 774.1948497190921 7.5380714285714205
1_133 single 18 70.7207142857142 5.26807843137255 1344.97478499689 10683.848371644552 111 53 1413.799 12880.63 64.55571 -1867.301710259775 5.479371316306484 -130.36459087428216 -0.26939799253001695 134.497478499689 1068.3848371644551 7.0720714285714195
1_134 single 18 93.89071428571421 5.563990291262135 1702.911226711005 10799.85931583853 112 54 1413.799 12880.63 64.55571 -1751.2907660657966 6.479371316306484 227.57185083983268 22.90060200747 170.29112267110048 1079.985931583853 9.389071428571421
1_135 single 18 55.8957142857142 5.094 1097.28532166695 9875.56789500255 112 55 1413.799 12880.63 64.55571 -2675.5821869017764 6.479371316306484 -378.0540542042222 -15.094397992530013 109.728532166695 987.556789500255 5.5895714285714195
1_136 single 18 113.7557142857142 5.008244019138755 2272.54838858934 19213.366231483276 111.5 56 1413.799 12880.63 64.55571 6662.21614957895 5.979371316306484 797.2090127181677 42.765602007469994 227.254838858934 1921.3366231483276 11.375571428571421
1_137 single 18 62.755714285714205 4.5987026131763 1363.74819214963 11048.96078201184 101.5 NA 1413.799 12880.63 64.55571 -1502.1892998924868 -4.020628683693516 -111.59118372154217 -8.234397992530006 136.374819214963 1104.896078201184 6.27557142857142
1_14 single 18 62.5557142857141 4.400173537826555 1435.0813563716702 7263.6256265153 101.5 64 1413.799 12880.63 64.55571 -5287.524455389027 -4.020628683693516 -40.2580194995021 -8.434397992530108 143.50813563716702 726.36256265153 6.25557142857141
1_147_1 single 18 91.81571428571411 4.9710196078431395 1841.9279866245902 11344.21716756034 109 NA 1413.799 12880.63 64.55571 -1206.9329143439863 3.4793713163064837 366.5886107534179 20.825602007469897 184.192798662459 1134.4217167560341 9.181571428571411
1_148 single 18 86.1607142857141 5.48099014778325 1558.286132023635 14712.77551869483 109 62 1413.799 12880.63 64.55571 2161.625436790504 3.4793713163064837 82.94675615246274 15.170602007469896 155.8286132023635 1471.277551869483 8.616071428571411
1_156 single 18 43.7657142857141 4.04077990430622 1077.4113838071949 10774.11383807195 110 66 1413.799 12880.63 64.55571 -1777.0362438323773 4.479371316306484 -397.9279920639774 -27.224397992530115 107.74113838071949 1077.4113838071949 4.37657142857141
1_157 single 18 51.6857142857141 4.938346153846155 969.5653591932345 7772.744674431168 115 67 1413.799 12880.63 64.55571 -4778.405407473158 9.479371316306484 -505.77401667793777 -19.304397992530113 96.95653591932344 777.2744674431168 5.1685714285714095
1_158 single 18 78.8057142857141 4.88332075471698 1546.509792192837 13007.89513234572 94 31 1413.799 12880.63 64.55571 456.7450504413937 -11.520628683693516 71.17041632166479 7.8156020074698915 154.6509792192837 1300.789513234572 7.88057142857141
1_162_3 single 18 39.1657142857141 3.82477777777778 1035.5894107489366 8981.348512315726 109 NA 1413.799 12880.63 64.55571 -3569.8015695886006 3.4793713163064837 -439.7499651222356 -31.82439799253011 103.55894107489367 898.1348512315726 3.91657142857141
1_165_3 single 18 38.7557142857141 5.06602870813397 765.011738356087 5355.082168492609 103 NA 1413.799 12880.63 64.55571 -7196.067913411718 -2.5206286836935163 -710.3276375150853 -32.23439799253011 76.5011738356087 535.5082168492609 3.87557142857141
1_169 single 18 122.36571428571412 5.253642512077295 2340.226221663815 15094.683289670655 101.5 69 1413.799 12880.63 64.55571 2543.533207766328 -4.020628683693516 864.8868457926428 51.37560200746991 234.0226221663815 1509.4683289670654 12.236571428571413
1_16_2 single 18 118.21571428571411 4.947 2389.495888019515 20318.21780876659 99.5 NA 1413.799 12880.63 64.55571 7767.067726862262 -6.020628683693516 914.1565121483427 47.2256020074699 238.9495888019515 2031.821780876659 11.821571428571412
1_172_2 single 18 33.6407142857141 5.269 631.297653242579 5689.722283729852 104 NA 1413.799 12880.63 64.55571 -6861.427798174474 -1.5206286836935163 -844.0417226285932 -37.349397992530115 63.1297653242579 568.9722283729852 3.3640714285714095
1_174 single 18 41.0057142857141 5.022 805.7287580363934 7532.34751280373 104 NA 1413.799 12880.63 64.55571 -5018.802569100597 -1.5206286836935163 -669.61061783477885 -29.984397992530113 80.57287580363933 753.234751280373 4.10057142857141
1_177 single 18 70.0057142857141 4.7192663476874 1488.543365111555 12812.652557546044 105.5 NA 1413.799 12880.63 64.55571 261.50247564171696 -0.020628683693516336 13.203989240382725 -0.9843979925301056 148.8543365111555 1281.2652557546044 7.00057142857141
1_178 single 18 104.2557142857141 5.3274213836477955 1958.07039445879 19580.703944587898 105 73 1413.799 12880.63 64.55571 7029.553862683571 -0.5206286836935163 482.73101858761765 33.265602007469894 195.80703944587898 1958.07039445879 10.425571428571411
1_179_1 single 18 46.590714285714 5.11354929577465 903.2239997524816 6078.108051934194 107.5 NA 1413.799 12880.63 64.55571 -6473.042029970133 1.9793713163064837 -572.1153761186906 -24.39939799253021 90.32239997524816 607.8108051934194 4.6590714285714
1_17_2 single 18 76.6557142857141 4.97205128205128 1522.6684221595401 10922.914264146679 94 NA 1413.799 12880.63 64.55571 -1628.235817757648 -11.520628683693516 47.32904628836786 5.665602007469886 152.266842215954 1092.291426414668 7.665571428571409
1_18 single 18 84.000714285714 4.56444538250475 1748.572735023924 17485.727350239238 111 NA 1413.799 12880.63 64.55571 4934.577268334911 5.479371316306484 273.23335915275175 13.010602007469785 174.8572735023924 1748.5727350239238 8.4000714285714
1_187 single 18 50.755714285714 4.214308943089435 1192.2971307841449 10540.633320404431 107.5 76 1413.799 12880.63 64.55571 -2010.5167614998954 1.9793713163064837 -283.04224508702737 -20.234397992530212 119.22971307841449 1054.0633320404431 5.0755714285714
1_189 single 18 124.35571428571399 4.84934065934066 2574.185255358805 23002.51986267021 110 NA 1413.799 12880.63 64.55571 10451.369780765885 4.479371316306484 1098.8458794876328 53.365602007469775 257.4185255358805 2300.251986267021 12.435571428571398
1_19 single 18 32.735714285713996 4.41083495145631 729.865160373471 6254.735545586009 103 82 1413.799 12880.63 64.55571 -6296.414536318318 -2.5206286836935163 -745.4742154977013 -38.254397992530215 72.9865160373471 625.4735545586009 3.2735714285713997
1_191 single 18 42.14571428571399 4.594087378640775 887.3256135816496 8873.256135816495 106.5 79 1413.799 12880.63 64.55571 -3677.893946087832 0.9793713163064837 -588.0137622895227 -28.84439799253022 88.73256135816496 887.3256135816495 4.214571428571399
1_192_3 single 18 80.955714285714 4.234856930509105 1879.6022719730204 17351.195003432418 97.5 NA 1413.799 12880.63 64.55571 4800.044921528091 -8.020628683693516 404.2628961018481 9.965602007469784 187.96022719730203 1735.1195003432417 8.0955714285714
1_193_3 single 18 41.355714285714 5.44909090909091 758.94704228037 7589.470422803701 108 NA 1413.799 12880.63 64.55571 -4961.679659100626 2.4793713163064837 -716.3923335908022 -29.63439799253021 75.894704228037 758.94704228037 4.1355714285714
1_195_3 single 18 67.105714285714 5.03233899821109 1323.559010347475 10264.386620432755 109 NA 1413.799 12880.63 64.55571 -2286.7634614715716 3.4793713163064837 -151.78036552369736 -3.884397992530211 132.3559010347475 1026.4386620432756 6.7105714285714
1_2 single 18 55.515714285714 3.97393236714976 1396.935952095185 11159.288850791909 102 87 1413.799 12880.63 64.55571 -1391.861231112418 -3.5206286836935163 -78.40342377598722 -15.474397992530214 139.6935952095185 1115.9288850791909 5.5515714285714
1_200 single 18 56.755714285714 4.59295238095238 1264.89170199061 11140.823240452759 104 83 1413.799 12880.63 64.55571 -1410.3268414515678 -1.5206286836935163 -210.4476738805622 -14.234397992530212 126.48917019906101 1114.082324045276 5.6755714285714
1_203 single 18 44.375714285714 4.6690000000000005 935.449542845267 9354.495428452672 113.5 NA 1413.799 12880.63 64.55571 -3196.6546534516547 7.979371316306484 -539.8898330259052 -26.614397992530215 93.54495428452671 935.4495428452672 4.4375714285714
1_206 single 18 76.35571428571399 5.019 1531.22736299371 14503.478464706295 106.5 20 1413.799 12880.63 64.55571 1952.3283828019685 0.9793713163064837 55.88798712253765 5.365602007469775 153.12273629937098 1450.3478464706295 7.6355714285713985
1_212 single 18 46.705714285713995 4.576134453781515 987.838027234272 6804.0923002656655 104.5 44 1413.799 12880.63 64.55571 -5747.057781638661 -1.0206286836935163 -487.5013486369003 -24.284397992530216 98.7838027234272 680.4092300265665 4.6705714285713995
1_214 single 18 31.065714285714 4.744 632.3364246429965 5940.466390317825 103.5 85 1413.799 12880.63 64.55571 -6610.6836915865015 -2.0206286836935163 -843.0029512281758 -39.92439799253021 63.23364246429965 594.0466390317825 3.1065714285714003
1_218 single 18 81.6657142857139 4.290478260869565 1851.061167559572 16305.67026517203 110 48 1413.799 12880.63 64.55571 3754.520183267703 4.479371316306484 375.72179168839966 10.675602007469692 185.1061167559572 1630.567026517203 8.166571428571391
1_22 single 18 86.6057142857139 5.271158536585364 1662.260399876815 15542.587564970916 110 54 1413.799 12880.63 64.55571 2991.4374830665893 4.479371316306484 186.92102400564272 15.61560200746969 166.2260399876815 1554.2587564970916 8.66057142857139
1_221 single 18 32.9557142857139 4.88661654135338 675.637412819534 5659.195871430091 113.5 86 1413.799 12880.63 64.55571 -6891.954210474236 7.979371316306484 -799.7019630516382 -38.03439799253031 67.5637412819534 565.919587143009 3.29557142857139
1_24 single 18 43.830714285713896 4.968153846153845 885.33733233244 8514.682029873386 102 68 1413.799 12880.63 64.55571 -4036.468052030941 -3.5206286836935163 -590.0020435387322 -27.159397992530316 88.533733233244 851.4682029873386 4.383071428571389
1_3 single 18 99.9557142857139 5.41544660194175 1856.35461318939 13118.728477357125 109 73 1413.799 12880.63 64.55571 567.5783954527978 3.4793713163064837 381.0152373182177 28.965602007469684 185.635461318939 1311.8728477357124 9.99557142857139
1_39_1 single 18 55.160714285713894 4.301468599033814 1242.4109874459884 10327.688764687558 90.5 NA 1413.799 12880.63 64.55571 -2223.4613172167683 -15.020628683693516 -232.9283884251838 -15.829397992530318 124.24109874459884 1032.768876468756 5.516071428571389
1_45 single 18 78.3807142857139 4.556259398496239 1726.636541350705 15349.77315604835 105 NA 1413.799 12880.63 64.55571 2798.623074144023 -0.5206286836935163 251.29716547953285 7.390602007469695 172.66365413507052 1534.977315604835 7.838071428571391
1_47_1 single 18 64.8407142857139 5.46121568627451 1210.400654848251 8455.796499092612 109 NA 1413.799 12880.63 64.55571 -4095.3535828117147 3.4793713163064837 -264.9387210229213 -6.149397992530311 121.04006548482509 845.5796499092612 6.48407142857139
1_51_1 single 18 89.0557142857139 4.96549369747899 1782.0644742111149 17169.159825328905 109 NA 1413.799 12880.63 64.55571 4618.009743424578 3.4793713163064837 306.72509833994263 18.065602007469693 178.20644742111148 1716.9159825328904 8.90557142857139
1_56 single 18 64.0557142857139 NA NA NA 103.5 NA 1413.799 12880.63 64.55571 NA -2.0206286836935163 NA -6.934397992530307 NA NA 6.40557142857139
1_58 single 18 70.2107142857139 5.068294092156575 1358.217496652534 13582.17496652534 101.5 94 1413.799 12880.63 64.55571 1031.0248846210125 -4.020628683693516 -117.12187921863824 -0.7793979925303063 135.8217496652534 1358.217496652534 7.021071428571391
1_6 single 18 77.3257142857139 5.21373041413875 1420.5038783573928 12985.297443203875 104.75 70 1413.799 12880.63 64.55571 434.1473612995487 -0.7706286836935163 -54.8354975137795 6.335602007469689 142.0503878357393 1298.5297443203876 7.73257142857139
1_60_3 single 18 66.3557142857139 5.127348837209301 1292.4433808019116 9047.10366561338 109 NA 1413.799 12880.63 64.55571 -3504.0464162909466 3.4793713163064837 -182.8959950692606 -4.63439799253031 129.24433808019117 904.710366561338 6.6355714285713905
1_61 single 18 80.36071428571384 5.01966015489539 1610.931180142885 12863.666458160775 96 97 1413.799 12880.63 64.55571 312.516376256448 -9.520628683693516 135.59180427171282 9.370602007469628 161.0931180142885 1286.3666458160774 8.036071428571384
1_65 single 18 40.0657142857138 4.745572227125624 826.021149612744 7782.6518118763925 110 65 1413.799 12880.63 64.55571 -4768.498270027934 4.479371316306484 -649.3182262584282 -30.92439799253041 82.6021149612744 778.2651811876392 4.00657142857138
1_67 single 18 47.1057142857138 5.24683076923077 895.794217297608 7359.9652696399135 119.5 98 1413.799 12880.63 64.55571 -5191.184812264413 13.979371316306484 -579.5451585735642 -23.88439799253041 89.57942172976081 735.9965269639913 4.71057142857138
1_74 single 18 104.7557142857138 5.54975845410628 1887.57249801034 18875.7249801034 103 99 1413.799 12880.63 64.55571 6324.574898199075 -2.5206286836935163 412.2331221391678 33.76560200746958 188.757249801034 1887.57249801034 10.47557142857138
1_75 single 18 97.6557142857138 5.34525116082735 1827.1753725855651 11367.59324348093 102.5 37 1413.799 12880.63 64.55571 -1183.5568384233975 -3.0206286836935163 351.8359967143929 26.665602007469587 182.71753725855652 1136.7593243480928 9.76557142857138
1_78 single 18 36.205714285713796 4.76033920154695 721.605754890759 6279.996352596143 110 20 1413.799 12880.63 64.55571 -6271.153729308184 4.479371316306484 -753.7336209804132 -34.784397992530415 72.16057548907591 627.9996352596143 3.6205714285713797
1_7_1 single 18 27.605714285713802 4.256803921568625 641.680791496928 5373.137255216032 106.5 NA 1413.799 12880.63 64.55571 -7178.012826688295 0.9793713163064837 -833.6585843742442 -43.38439799253041 64.1680791496928 537.3137255216031 2.7605714285713803
1_8 single 18 79.6207142857138 4.340852459016395 1675.0078693966855 15529.963187810165 101.5 81 1413.799 12880.63 64.55571 2978.813105905838 -4.020628683693516 199.6684935255132 8.63060200746959 167.50078693966856 1552.9963187810165 7.96207142857138
1_83 single 18 98.5057142857138 4.924189411980215 2002.5098604997052 18022.588744497345 111 65 1413.799 12880.63 64.55571 5471.438662593018 5.479371316306484 527.1704846285329 27.51560200746958 200.25098604997052 1802.2588744497345 9.85057142857138
1_84 single 18 98.3607142857138 5.20932057416268 1858.2161003923898 18582.1610039239 101 100 1413.799 12880.63 64.55571 6031.010922019572 -4.520628683693516 382.8767245212175 27.370602007469586 185.82161003923898 1858.2161003923898 9.83607142857138
1_85 single 18 74.4707142857138 5.772901348039214 1272.7239032721516 11454.515129449363 112 63 1413.799 12880.63 64.55571 -1096.6349524549642 6.479371316306484 -202.61547259902068 3.480602007469585 127.27239032721516 1145.4515129449362 7.4470714285713795
1_89_2 single 18 75.91571428571379 4.270858447488585 1827.75347247668 16289.684594240269 105.5 NA 1413.799 12880.63 64.55571 3738.534512335942 -0.020628683693516336 352.41409660550767 4.925602007469578 182.77534724766798 1628.9684594240268 7.591571428571379
1_92 single 18 84.3057142857138 5.13635854341737 1621.37991011343 15671.284940037669 102 102 1413.799 12880.63 64.55571 3120.1348581333423 -3.5206286836935163 146.04053424225776 13.315602007469593 162.137991011343 1567.128494003767 8.43057142857138
1_93 single 18 102.4107142857138 4.217243902439025 2409.90652108875 22386.609292330053 102.5 103 1413.799 12880.63 64.55571 9835.459210425726 -3.0206286836935163 934.567145217578 31.420602007469583 240.99065210887503 2238.6609292330054 10.241071428571379
1_95 single 18 74.8757142857138 3.6995999999999998 2033.4058470456598 20334.0584704566 97.5 49 1413.799 12880.63 64.55571 7782.908388552272 -8.020628683693516 558.0664711744876 3.8856020074695863 203.34058470456597 2033.4058470456598 7.48757142857138
1_98 single 18 84.8057142857138 5.36471544715447 1582.7794152646352 12577.04635924983 116 58 1413.799 12880.63 64.55571 25.89627734550413 10.479371316306484 107.44003939346294 13.815602007469593 158.2779415264635 1257.704635924983 8.48057142857138
1_99 single 18 98.2207142857138 4.60352716380913 2067.3847572070854 20673.847572070856 102 104 1413.799 12880.63 64.55571 8122.697490166529 -3.5206286836935163 592.0453813359131 27.230602007469585 206.73847572070855 2067.3847572070854 9.82207142857138
2_100 single 28 62.9057142857138 4.6298527159184655 1358.7294248581702 7474.458874853875 109 105 1413.799 12880.63 64.55571 -5076.691207050451 3.4793713163064837 -116.60995101300205 -8.084397992530413 135.87294248581702 747.4458874853875 6.29057142857138
2_101 single 28 92.3907142857138 5.035250094732855 1856.98672152734 13102.37222073392 98 106 1413.799 12880.63 64.55571 551.222138829593 -7.520628683693516 381.6473456561678 21.400602007469587 185.698672152734 1310.2372220733919 9.23907142857138
2_104 single 28 103.5707142857138 4.401111580132265 2366.98506834287 21976.10664375676 101 108 1413.799 12880.63 64.55571 9424.956561852434 -4.520628683693516 891.6456924716977 32.580602007469594 236.698506834287 2197.610664375676 10.35707142857138
2_106 single 28 25.8807142857138 3.737813047029995 696.6820027412815 6966.820027412815 111.5 110 1413.799 12880.63 64.55571 -5584.330054491512 5.979371316306484 -778.6573731298907 -45.10939799253041 69.66820027412815 696.6820027412815 2.58807142857138
2_108 single 28 38.3107142857138 4.464423076923075 850.4033798544925 5644.301655687814 113.5 111 1413.799 12880.63 64.55571 -6906.848426216513 7.979371316306484 -624.9359960166797 -32.67939799253041 85.04033798544926 564.4301655687814 3.83107142857138
2_110 single 28 71.6157142857138 4.802866300366301 1491.058065815825 8018.07471049769 103 114 1413.799 12880.63 64.55571 -4533.075371406637 -2.5206286836935163 15.718689944652851 0.6256020074695954 149.1058065815825 801.807471049769 7.1615714285713805
2_111 single 28 53.3557142857138 4.879110418830045 1100.917968377691 7998.700709394924 117 115 1413.799 12880.63 64.55571 -4552.449372509403 11.479371316306484 -374.4214074934812 -17.63439799253041 110.09179683776911 799.8700709394924 5.33557142857138
2_117 single 28 40.305714285713805 4.52401523597176 900.7604063298979 7490.083486571702 122 120 1413.799 12880.63 64.55571 -5061.066595332624 16.479371316306484 -574.5789695412743 -30.684397992530407 90.07604063298979 749.0083486571702 4.03057142857138
2_119 single 28 94.0557142857138 5.94666666666667 1581.65438821268 15816.5438821268 108 122 1413.799 12880.63 64.55571 3265.393800222473 2.4793713163064837 106.31501234150778 23.065602007469593 158.165438821268 1581.65438821268 9.405571428571381
2_120 single 28 114.0557142857138 4.95807419914638 2307.997188932335 21216.77616898671 112 123 1413.799 12880.63 64.55571 8665.626087082384 6.479371316306484 832.6578130611629 43.06560200746959 230.79971889323352 2121.677616898671 11.405571428571381
2_121 single 28 62.9057142857138 4.679410148378819 1364.2441511435 13642.441511435001 113.5 124 1413.799 12880.63 64.55571 1091.2914295306746 7.979371316306484 -111.0952247276723 -8.084397992530413 136.42441511434998 1364.2441511435002 6.29057142857138
2_123 single 28 92.1057142857138 5.0532820841341 1825.147877367605 12832.162478155375 116 125 1413.799 12880.63 64.55571 281.0123962510479 10.479371316306484 349.80850149643265 21.11560200746959 182.5147877367605 1283.2162478155374 9.210571428571381
2_124 single 28 67.2557142857138 4.13709661835749 1681.62530277678 13879.215580364391 108 126 1413.799 12880.63 64.55571 1328.0654984600642 2.4793713163064837 206.28592690560777 -3.7343979925304183 168.162530277678 1387.9215580364391 6.72557142857138
2_125 single 28 88.3707142857138 4.90786956521739 1798.1717146050444 17040.039289783304 116 127 1413.799 12880.63 64.55571 4488.889207878978 10.479371316306484 322.8323387338721 17.38060200746959 179.81717146050443 1704.0039289783304 8.837071428571381
2_13 single 28 32.0257142857138 4.91979069767442 644.4962596680359 2874.738986525238 111.5 135 1413.799 12880.63 64.55571 -9676.411095379088 5.979371316306484 -830.8431162031363 -38.96439799253041 64.4496259668036 287.4738986525238 3.2025714285713804
2_132 single 28 67.8157142857138 NA NA NA 109 131 1413.799 12880.63 64.55571 NA 3.4793713163064837 NA -3.174397992530416 NA NA 6.78157142857138
2_137 single 28 134.5357142857138 4.390519026201185 3217.371631034105 31100.178324475328 90.5 133 1413.799 12880.63 64.55571 18549.028242571003 -15.020628683693516 1742.0322551629329 63.54560200746958 321.7371631034105 3110.017832447533 13.45357142857138
2_138 single 28 57.9107142857138 4.926106280193235 1149.0011270297355 9595.130872374699 102.5 134 1413.799 12880.63 64.55571 -2956.019209529628 -3.0206286836935163 -326.3382488414368 -13.07939799253041 114.90011270297354 959.5130872374699 5.79107142857138
2_139 single 28 61.090714285713794 4.692631067961164 1287.11870938407 9183.16964978812 94 118 1413.799 12880.63 64.55571 -3367.9804321162064 -11.520628683693516 -188.22066648710233 -9.899397992530417 128.711870938407 918.316964978812 6.109071428571379
2_142 single 28 77.7957142857138 4.789483463396506 1621.9317672654151 12961.128814586675 116 120 1413.799 12880.63 64.55571 409.978732682348 10.479371316306484 146.5923913942429 6.805602007469588 162.1931767265415 1296.1128814586675 7.77957142857138
2_144 single 28 63.15071428571379 5.052797101449276 1240.9633902648345 10886.957516187205 108 129 1413.799 12880.63 64.55571 -1664.1925657171214 2.4793713163064837 -234.37598560633774 -7.839397992530422 124.09633902648345 1088.6957516187206 6.315071428571379
2_146 single 28 102.9557142857138 4.98339900553523 2059.33450333358 20593.3450333358 116 119 1413.799 12880.63 64.55571 8042.194951431475 10.479371316306484 583.9951274624077 31.965602007469585 205.933450333358 2059.33450333358 10.29557142857138
2_148 single 28 44.1907142857138 4.84059735522116 911.3181182893695 7676.384204257631 96 137 1413.799 12880.63 64.55571 -4874.765877646696 -9.520628683693516 -564.0212575818027 -26.79939799253041 91.13181182893695 767.6384204257631 4.41907142857138
2_156 single 28 43.4107142857138 2.959200739529262 5962.775179909317 58830.278662111115 108 141 1413.799 12880.63 64.55571 46279.12858020679 2.4793713163064837 4487.435804038145 -27.57939799253041 596.2775179909316 5883.027866211111 4.3410714285713805
2_157 single 28 91.9007142857138 5.2876103286385 1682.9964804862443 15146.9683243762 113.5 140 1413.799 12880.63 64.55571 2595.8182424718725 7.979371316306484 207.65710461507206 20.910602007469592 168.29964804862442 1514.6968324376198 9.19007142857138
2_160 single 28 93.8707142857138 4.918359223300969 1907.51736687104 15302.08028419827 89 143 1413.799 12880.63 64.55571 2750.930202293943 -16.520628683693516 432.1779909998677 22.88060200746959 190.751736687104 1530.2080284198269 9.38707142857138
2_163 single 28 51.8407142857138 5.042786069651745 1027.8727461496635 7785.369369846043 104 134 1413.799 12880.63 64.55571 -4765.780712058284 -1.5206286836935163 -447.46662972150875 -19.14939799253041 102.78727461496635 778.5369369846043 5.1840714285713805
2_166 single 28 73.7557142857138 5.2433592233009705 1429.476596499191 12865.289368492718 102 112 1413.799 12880.63 64.55571 314.13928658839177 -3.5206286836935163 -45.86277937198133 2.7656020074695817 142.9476596499191 1286.5289368492718 7.375571428571379
2_167 single 28 78.6557142857138 5.052955113860735 1553.7722469410364 13649.585849356356 94 144 1413.799 12880.63 64.55571 1098.4357674520288 -11.520628683693516 78.43287106986418 7.665602007469587 155.37722469410363 1364.9585849356356 7.86557142857138
2_169 single 28 58.8607142857138 5.264632850241545 1178.54171915437 11785.4171915437 109 109 1413.799 12880.63 64.55571 -765.7328903606267 3.4793713163064837 -296.7976567168023 -12.129397992530414 117.85417191543699 1178.54171915437 5.8860714285713795
2_17 single 28 75.05571428571379 5.320131362889985 1407.76433633883 14077.643363388299 87 149 1413.799 12880.63 64.55571 1526.4932814839722 -18.520628683693516 -67.57503953234232 4.065602007469579 140.776433633883 1407.76433633883 7.505571428571379
2_170 single 28 147.3657142857138 5.446568463341145 2709.885153987645 25873.020912170832 96 146 1413.799 12880.63 64.55571 13321.870830266505 -9.520628683693516 1234.5457781164728 76.3756020074696 270.9885153987645 2587.302091217083 14.73657142857138
2_171 single 28 86.3057142857138 5.14910404353129 1668.554684302415 15016.992158721736 111 147 1413.799 12880.63 64.55571 2465.842076817409 5.479371316306484 193.21530843124265 15.315602007469593 166.8554684302415 1501.6992158721737 8.63057142857138
2_173 single 28 52.0757142857138 5.457128578567859 954.7313403517945 7580.9866863915 112 148 1413.799 12880.63 64.55571 -4970.163395512826 6.479371316306484 -520.6080355193777 -18.91439799253041 95.47313403517946 758.09866863915 5.20757142857138
2_175 single 28 26.5157142857138 5.194 510.506628527412 1021.013257054824 122 116 1413.799 12880.63 64.55571 -11530.136824849502 16.479371316306484 -964.8327473437603 -44.47439799253041 51.0506628527412 102.1013257054824 2.65157142857138
2_183 single 28 64.2057142857138 5.31937476774433 1205.91635937306 9191.932090555725 104 150 1413.799 12880.63 64.55571 -3359.2179913486016 -1.5206286836935163 -269.42301649811225 -6.784397992530415 120.591635937306 919.1932090555725 6.42057142857138
2_19 single 28 73.27071428571381 5.87680769230769 1246.87202003074 8695.78444942967 103 6 1413.799 12880.63 64.55571 -3855.365632474657 -2.5206286836935163 -228.46735584043222 2.2806020074695965 124.687202003074 869.5784449429669 7.327071428571381
2_195 single 28 100.8407142857138 5.58994553634857 1817.010773767785 13105.337753674768 109 151 1413.799 12880.63 64.55571 554.1876717704417 3.4793713163064837 341.6713978966127 29.85060200746959 181.7010773767785 1310.533775367477 10.08407142857138
2_20 single 28 64.6107142857138 5.6376862745098055 1145.8479141983944 10975.86399077026 110 122 1413.799 12880.63 64.55571 -1575.2860911340667 4.479371316306484 -329.49146167277786 -6.379397992530414 114.58479141983943 1097.586399077026 6.46107142857138
2_202 single 28 86.57571428571379 4.844 1787.27733868113 17872.7733868113 91 143 1413.799 12880.63 64.55571 5321.623304906972 -14.520628683693516 311.93796280995775 15.585602007469575 178.727733868113 1787.27733868113 8.657571428571378
2_209 single 28 69.7057142857138 4.631959818134209 1508.113390649075 10477.25162500804 103.5 152 1413.799 12880.63 64.55571 -2073.898456896286 -2.0206286836935163 32.77401477790272 -1.2843979925304154 150.8113390649075 1047.7251625008041 6.97057142857138
2_212 single 28 46.4857142857138 4.275023255813955 1041.411644480596 10414.116444805959 97.5 153 1413.799 12880.63 64.55571 -2137.0336370983678 -8.020628683693516 -433.92773139057635 -24.504397992530414 104.14116444805958 1041.411644480596 4.64857142857138
2_217 single 28 73.05571428571379 4.82645910965096 1533.52251764444 11766.15927670725 113.5 155 1413.799 12880.63 64.55571 -784.990805197076 7.979371316306484 58.183141773267835 2.065602007469579 153.35225176444402 1176.6159276707251 7.305571428571379
2_219 single 28 88.1307142857138 4.739146341463415 1849.1565650246898 18491.5656502469 99.5 157 1413.799 12880.63 64.55571 5940.415568342572 -6.020628683693516 373.8171891535176 17.14060200746958 184.91565650246898 1849.1565650246898 8.81307142857138
2_3 single 28 47.155714285713806 5.031554280248685 961.63950995852 8777.320102209334 104 165 1413.799 12880.63 64.55571 -3773.8299796949923 -1.5206286836935163 -513.6998659126523 -23.834397992530405 96.16395099585199 877.7320102209335 4.715571428571381
2_30 single 28 42.2357142857138 4.194 1014.3519450995525 9738.412242366223 113.5 117 1413.799 12880.63 64.55571 -2812.737839538104 7.979371316306484 -460.98743077161976 -28.754397992530414 101.43519450995525 973.8412242366223 4.22357142857138
2_34 single 28 77.3407142857138 NA NA NA 110 162 1413.799 12880.63 64.55571 NA 4.479371316306484 NA 6.35060200746959 NA NA 7.73407142857138
2_35 single 28 85.7857142857138 5.22054368932039 1604.852824110913 16048.52824110913 106.5 163 1413.799 12880.63 64.55571 3497.3781592048035 0.9793713163064837 129.51344823974068 14.795602007469583 160.4852824110913 1604.852824110913 8.57857142857138
2_37 single 28 63.815714285713796 5.120039215686275 1232.294563784489 7583.284995887241 118 164 1413.799 12880.63 64.55571 -4967.865086017086 12.479371316306484 -243.04481208668335 -7.174397992530416 123.22945637844889 758.3284995887241 6.381571428571379
2_43 single 28 63.205714285713796 5.377754882432405 1176.9958521409599 10712.664682187169 105.5 165 1413.799 12880.63 64.55571 -1838.4853997171576 -0.020628683693516336 -298.3435237302124 -7.784397992530415 117.69958521409599 1071.266468218717 6.320571428571379
2_44 single 28 45.7557142857138 5.39796153846154 852.7263123298276 7179.187146411741 109 166 1413.799 12880.63 64.55571 -5371.9629354925855 3.4793713163064837 -622.6130635413447 -25.23439799253041 85.27263123298276 717.9187146411741 4.57557142857138
2_46 single 28 72.81571428571381 5.5440000000000005 1309.6251912737564 11341.907807323712 107.5 122 1413.799 12880.63 64.55571 -1209.2422745806143 1.9793713163064837 -165.71418459741585 1.8256020074695982 130.96251912737563 1134.1907807323712 7.281571428571381
2_47 single 28 95.51071428571379 5.2626652360515 1803.7186634025502 16014.96585278936 76.5 167 1413.799 12880.63 64.55571 3463.815770885034 -29.020628683693516 328.37928753137794 24.520602007469577 180.37186634025502 1601.496585278936 9.55107142857138
2_56 single 28 57.460714285713806 5.269169811320754 1084.147550148944 10360.37371510054 110 172 1413.799 12880.63 64.55571 -2190.776366803786 4.479371316306484 -391.19182572222826 -13.529397992530406 108.4147550148944 1036.037371510054 5.746071428571381
2_58 single 28 85.00571428571381 5.2370166136443945 1624.919089994165 15256.637467556464 105 150 1413.799 12880.63 64.55571 2705.487385652137 -0.5206286836935163 149.57971412299275 14.015602007469596 162.4919089994165 1525.6637467556463 8.50057142857138
2_6 single 28 55.305714285713805 4.179706919717836 1327.3956158954134 8256.400766047114 116 176 1413.799 12880.63 64.55571 -4294.749315857212 10.479371316306484 -147.9437599757589 -15.684397992530407 132.73956158954132 825.6400766047115 5.53057142857138
2_62 single 28 73.4207142857138 5.505990147783249 1337.94194147598 8499.86216359344 94 159 1413.799 12880.63 64.55571 -4051.287918310887 -11.520628683693516 -137.39743439519225 2.430602007469588 133.794194147598 849.986216359344 7.34207142857138
2_64 single 28 57.7057142857138 4.7605365853658554 1213.2593687456451 9581.60882542655 107.5 128 1413.799 12880.63 64.55571 -2969.541256477776 1.9793713163064837 -262.0800071255271 -13.284397992530408 121.32593687456452 958.160882542655 5.7705714285713805
2_66 single 28 108.2557142857138 4.898564593301435 2211.51559977562 22115.1559977562 97 174 1413.799 12880.63 64.55571 9564.005915851872 -8.520628683693516 736.1762239044479 37.26560200746958 221.15155997756202 2211.51559977562 10.82557142857138
2_74 single 28 142.20571428571378 4.486477950361795 3181.900053019695 26847.265294204422 92.5 143 1413.799 12880.63 64.55571 14296.115212300096 -13.020628683693516 1706.5606771485227 71.21560200746957 318.1900053019695 2684.726529420442 14.220571428571379
2_77 single 28 51.93571428571379 5.218999999999999 919.8467022418729 9080.188444837831 101 178 1413.799 12880.63 64.55571 -3470.9616370664953 -4.520628683693516 -555.4926736292994 -19.05439799253042 91.98467022418728 908.0188444837831 5.19357142857138
2_79 single 28 45.1057142857138 4.69714285714286 969.209177763943 5928.759357129565 109 179 1413.799 12880.63 64.55571 -6622.390724774762 3.4793713163064837 -506.13019810722926 -25.88439799253041 96.9209177763943 592.8759357129564 4.51057142857138
2_81 single 28 64.1078571428569 NA NA NA 119.5 120 1413.799 12880.63 64.55571 NA 13.979371316306484 NA -6.882255135387311 NA NA 6.41078571428569
2_84 single 28 65.4657142857138 5.663666666666664 1163.571207261109 11220.837078775108 112 172 1413.799 12880.63 64.55571 -1330.3130031292185 6.479371316306484 -311.7681686100632 -5.52439799253041 116.3571207261109 1122.0837078775107 6.54657142857138
2_85 single 28 64.2557142857138 4.66401572565366 1379.150135115795 9505.984372490158 106.5 180 1413.799 12880.63 64.55571 -3045.1657094141683 0.9793713163064837 -96.18924075537734 -6.734397992530418 137.9150135115795 950.5984372490159 6.425571428571379
2_89 single 28 21.6507142857138 4.63431527093596 467.387782268681 4489.277109016334 110 139 1413.799 12880.63 64.55571 -8061.872972887993 4.479371316306484 -1007.9515936024912 -49.33939799253041 46.7387782268681 448.9277109016334 2.16507142857138
2_90 single 28 74.1557142857138 5.29625234521576 1402.262196065685 11082.941966259265 111 181 1413.799 12880.63 64.55571 -1468.2081156450622 5.479371316306484 -73.07717980548728 3.1656020074695874 140.2262196065685 1108.2941966259264 7.41557142857138
2_99 single 28 75.5007142857138 5.43187804878049 1357.1065663380896 9300.996367781518 108.5 183 1413.799 12880.63 64.55571 -3250.153714122809 2.9793713163064837 -118.23280953308267 4.510602007469586 135.71065663380895 930.0996367781518 7.55007142857138
3_104 single 50 102.7157142857138 4.42285714285714 2347.926624825975 23479.26624825975 105 186 1413.799 12880.63 64.55571 10928.116166355425 -0.5206286836935163 872.5872489548028 31.72560200746959 234.7926624825975 2347.926624825975 10.27157142857138
3_112 single 50 93.5057142857138 4.98301512074024 1891.5194547097299 18915.1945470973 108.5 162 1413.799 12880.63 64.55571 6364.044465192974 2.9793713163064837 416.1800788385576 22.51560200746958 189.15194547097298 1891.51945470973 9.35057142857138
3_118 single 50 74.7707142857138 4.4932948206292895 1645.269385932745 10010.607875046055 110 189 1413.799 12880.63 64.55571 -2540.542206858272 4.479371316306484 169.93001006157283 3.7806020074695823 164.5269385932745 1001.0607875046055 7.47707142857138
3_139 single 50 62.0307142857138 4.358100292576715 1463.1979486801602 13714.422950673641 95 191 1413.799 12880.63 64.55571 1163.2728687693143 -10.520628683693516 -12.141427191012099 -8.959397992530413 146.319794868016 1371.442295067364 6.20307142857138
3_146 single 50 81.9557142857138 5.204035639412995 1579.09840873749 15790.9840873749 113.5 193 1413.799 12880.63 64.55571 3239.834005470573 7.979371316306484 103.75903286631774 10.965602007469585 157.909840873749 1579.09840873749 8.19557142857138
3_158 single 50 46.8907142857138 4.89045617173524 957.5631339384361 9575.63133938436 112.5 187 1413.799 12880.63 64.55571 -2975.5187425199674 6.979371316306484 -517.7762419327362 -24.099397992530413 95.75631339384361 957.563133938436 4.6890714285713795
3_169 single 50 76.8557142857138 5.20857142857143 1476.0241508120998 14005.388894105428 109 195 1413.799 12880.63 64.55571 1454.2388122011016 3.4793713163064837 0.6847749409275821 5.86560200746959 147.60241508120998 1400.5388894105429 7.6855714285713805
3_186 single 50 103.4057142857138 5.349404652866825 1929.99408851873 18303.46496709463 112.5 162 1413.799 12880.63 64.55571 5752.314885190304 6.979371316306484 454.65471264755774 32.41560200746959 192.999408851873 1830.346496709463 10.34057142857138
3_196 single 50 59.30571428571379 5.472727272727274 1085.0817891982665 10470.989188739535 117 197 1413.799 12880.63 64.55571 -2080.1608931647916 11.479371316306484 -390.25758667290575 -11.684397992530421 108.50817891982665 1047.0989188739536 5.930571428571379
3_207 single 50 55.5957142857138 4.74063305115937 1153.094756446005 11530.94756446005 113.5 199 1413.799 12880.63 64.55571 -1020.202517444277 7.979371316306484 -322.24461942516723 -15.394397992530415 115.3094756446005 1153.094756446005 5.559571428571379
3_4 single 50 77.6057142857138 4.8046296296296305 1615.061855941825 11682.37773209005 97.5 205 1413.799 12880.63 64.55571 -868.7723498142768 -8.020628683693516 139.72248007065264 6.61560200746959 161.50618559418248 1168.237773209005 7.76057142857138
3_41 single 50 55.4557142857138 4.8400670690811545 1148.507162746972 11485.071627469719 111 203 1413.799 12880.63 64.55571 -1066.078454434608 5.479371316306484 -326.8322131242003 -15.534397992530408 114.85071627469719 1148.507162746972 5.54557142857138
3_67 single 50 80.5907142857138 4.88761904761905 1634.703012081165 16347.03012081165 108 207 1413.799 12880.63 64.55571 3795.880038907324 2.4793713163064837 159.36363620999282 9.60060200746959 163.4703012081165 1634.703012081165 8.05907142857138
3_72 single 50 55.600714285713806 4.24984429382671 1685.4745831901764 14080.681390907994 110 208 1413.799 12880.63 64.55571 1529.531309003667 4.479371316306484 210.13520731900417 -15.389397992530405 168.54745831901764 1408.0681390907994 5.560071428571381
3_79 single 50 132.95571428571378 5.363133640552995 2509.71204182674 15982.92321376638 108 185 1413.799 12880.63 64.55571 3431.7731318620536 2.4793713163064837 1034.3726659555678 61.96560200746957 250.971204182674 1598.292321376638 13.295571428571378
3_87 single 50 102.1707142857138 4.606639650159125 2194.098696413215 19746.888267718932 111 198 1413.799 12880.63 64.55571 7195.7381858146055 5.479371316306484 718.7593205420426 31.180602007469588 219.40986964132148 1974.6888267718932 10.21707142857138
3_9 single 50 42.90571428571379 4.68173076923077 880.628955275507 7351.9326324168815 113.5 200 1413.799 12880.63 64.55571 -5199.217449487445 7.979371316306484 -594.7104205956653 -28.08439799253042 88.0628955275507 735.1932632416881 4.290571428571379
3_95 single 50 96.47571428571379 NA NA NA 111.5 210 1413.799 12880.63 64.55571 NA 5.979371316306484 NA 25.48560200746958 NA NA 9.647571428571379
45_3_2 single 0 29.855714285713802 4.7768115942029 625.013436199712 5625.120925797408 131 NA 1413.799 12880.63 64.55571 -6926.029156106919 25.479371316306484 -850.3259396714602 -41.13439799253041 62.5013436199712 562.5120925797407 2.9855714285713804
46_4_3 single 0 44.5057142857138 4.298338870431895 1034.38480202824 6654.718075516235 94 NA 1413.799 12880.63 64.55571 -5896.432006388091 -11.520628683693516 -440.9545738429322 -26.48439799253041 103.43848020282401 665.4718075516236 4.45057142857138
47_4 single 0 103.3057142857138 5.07676173760421 2037.156135710375 17609.92311841373 120.5 NA 1413.799 12880.63 64.55571 5058.773036509405 14.979371316306484 561.8167598392029 32.31560200746959 203.71561357103752 1760.992311841373 10.33057142857138
48_5 single 0 82.4557142857138 4.24786819959612 1836.8552614247997 18002.617531545566 105.5 NA 1413.799 12880.63 64.55571 5451.467449641239 -0.020628683693516336 361.5158855536274 11.465602007469585 183.68552614247997 1800.2617531545566 8.24557142857138
49_4 single 0 76.6057142857138 4.533470446213005 1688.51919853661 8146.75111689973 112.5 NA 1413.799 12880.63 64.55571 -4404.398965004597 6.979371316306484 213.17982266543777 5.61560200746959 168.851919853661 814.6751116899729 7.66057142857138
50_3 single 0 46.50571428571381 5.274011502516175 856.161678415427 4122.116450487305 115 NA 1413.799 12880.63 64.55571 -8429.033631417022 9.479371316306484 -619.1776974557453 -24.484397992530404 85.6161678415427 412.2116450487305 4.65057142857138
51_5_3 single 0 54.555714285713805 5.337924528301885 1024.1458240099564 7542.0158657949905 83.5 NA 1413.799 12880.63 64.55571 -5009.134216109336 -22.020628683693516 -451.19355186121584 -16.434397992530407 102.41458240099564 754.201586579499 5.45557142857138
52_5_1 single 0 93.4057142857138 5.065767690253675 1853.365674548315 17944.26575549428 105 NA 1413.799 12880.63 64.55571 5393.115673589955 -0.5206286836935163 378.0262986771427 22.415602007469587 185.33656745483148 1794.4265755494282 9.34057142857138
53_5 single 0 87.1557142857138 4.78104265402844 1830.53377389759 14899.500180491708 97 NA 1413.799 12880.63 64.55571 2348.3500985873816 -8.520628683693516 355.19439802641773 16.165602007469587 183.053377389759 1489.950018049171 8.71557142857138
54_5 single 0 51.0057142857138 4.249038461538465 1187.0619021454315 11384.302143351728 107.5 NA 1413.799 12880.63 64.55571 -1166.8479385525989 1.9793713163064837 -288.2774737257407 -19.98439799253041 118.70619021454316 1138.4302143351729 5.10057142857138
55_5_3 single 0 51.6557142857138 4.356915393152905 1176.816644626943 11016.572956324915 102.5 NA 1413.799 12880.63 64.55571 -1534.5771255794116 -3.0206286836935163 -298.52273124422936 -19.334397992530413 117.68166446269429 1101.6572956324915 5.16557142857138
56_5 single 0 26.3057142857138 2.831445050523115 931.5736723959515 6231.223606554831 131 NA 1413.799 12880.63 64.55571 -6319.926475349495 25.479371316306484 -543.7657034752208 -44.68439799253041 93.15736723959515 623.1223606554831 2.63057142857138
57_4_2 single 0 78.8057142857138 4.488233486943165 1745.82604157358 14699.756439982999 97.5 NA 1413.799 12880.63 64.55571 2148.606358078672 -8.020628683693516 270.48666570240766 7.815602007469593 174.582604157358 1469.9756439982998 7.880571428571381
58_3_3 single 0 25.1857142857138 4.13905027107989 608.4527258139965 5170.128212661553 101.5 NA 1413.799 12880.63 64.55571 -7381.021869242773 -4.020628683693516 -866.8866500571758 -45.80439799253041 60.84527258139965 517.0128212661554 2.51857142857138
59_5_1 single 0 16.5057142857138 3.93281942229311 390.7395410864995 3907.395410864995 119.5 NA 1413.799 12880.63 64.55571 -8643.754671039333 13.979371316306484 -1084.5998347846728 -54.48439799253041 39.07395410864995 390.7395410864995 1.65057142857138
60_4 single 0 46.175714285713795 3.2958078414476555 1548.219840812156 15482.19840812156 98 NA 1413.799 12880.63 64.55571 2931.048326217233 -7.520628683693516 72.88046494098376 -24.814397992530417 154.8219840812156 1548.219840812156 4.617571428571379
61_5_3 single 0 56.0957142857138 5.26840280824923 982.811142497172 6879.677997480204 116 NA 1413.799 12880.63 64.55571 -5671.472084424123 10.479371316306484 -492.52823337400025 -14.894397992530415 98.2811142497172 687.9677997480204 5.60957142857138
62_5 single 0 54.6057142857138 3.74267681370762 1471.044625736195 14710.446257361951 85.5 NA 1413.799 12880.63 64.55571 2159.2961754576245 -20.020628683693516 -4.294750134977221 -16.38439799253041 147.10446257361951 1471.044625736195 5.46057142857138
63_4 single 0 104.9557142857138 4.567167733962475 2293.633015077765 21274.77999556432 110 NA 1413.799 12880.63 64.55571 8723.629913659994 4.479371316306484 818.2936392065926 33.965602007469585 229.3633015077765 2127.477999556432 10.49557142857138
64_5_1 single 0 69.5057142857138 5.513167701863355 1266.0384594593775 8862.269216215642 107.5 NA 1413.799 12880.63 64.55571 -3688.880865688685 1.9793713163064837 -209.3009164117948 -1.4843979925304183 126.60384594593775 886.2269216215642 6.950571428571379
65_2 single 0 107.9557142857138 4.35578007518797 2489.90139971359 23412.220326697432 101.5 NA 1413.799 12880.63 64.55571 10861.070244793105 -4.020628683693516 1014.5620238424176 36.965602007469585 248.99013997135899 2341.2220326697434 10.79557142857138
66_5 single 0 29.7557142857138 3.803644995172195 782.0973671921961 7038.876304729764 99.5 NA 1413.799 12880.63 64.55571 -5512.273777174562 -6.020628683693516 -693.2420086789762 -41.23439799253041 78.2097367192196 703.8876304729764 2.97557142857138
67_3_3 single 0 22.605714285713802 4.3653811804822595 520.0112067948455 3881.0204081631873 122 NA 1413.799 12880.63 64.55571 -8670.12967374114 16.479371316306484 -955.3281690763267 -48.38439799253041 52.00112067948455 388.1020408163187 2.2605714285713803
68_3_1 single 0 67.9457142857138 4.922488038277515 1384.402505802765 10461.9163447419 105 NA 1413.799 12880.63 64.55571 -2089.233737162427 -0.5206286836935163 -90.93687006840719 -3.0443979925304063 138.4402505802765 1046.1916344741899 6.7945714285713805
69_5_1 single 0 61.555714285713805 4.636583776984075 1349.0171011497976 9745.593752022796 131 NA 1413.799 12880.63 64.55571 -2805.5563298815305 25.479371316306484 -126.3222747213747 -9.434397992530407 134.90171011497975 974.5593752022796 6.15557142857138
70_4_1 single 0 19.6157142857138 4.50557170325985 424.4426610255465 2830.409750142173 131 NA 1413.799 12880.63 64.55571 -9720.740331762154 25.479371316306484 -1050.8967148456259 -51.37439799253041 42.44426610255465 283.0409750142173 1.96157142857138
71_5 single 0 55.0057142857138 6.077679149329635 912.9180287333286 7194.059909573265 105.5 NA 1413.799 12880.63 64.55571 -5357.090172331062 -0.020628683693516336 -562.4213471378437 -15.984397992530411 91.29180287333286 719.4059909573265 5.50057142857138
72_7_1 single 0 19.4557142857138 2.67954222814336 722.0647057181725 5054.452940027208 131 NA 1413.799 12880.63 64.55571 -7496.697141877119 25.479371316306484 -753.2746701529998 -51.534397992530415 72.20647057181725 505.44529400272074 1.9455714285713799
7_10 single 58 51.6557142857138 5.059812267059314 990.0532921236536 7587.1500591394815 114.5 203 1413.799 12880.63 64.55571 -4964.000022764845 8.979371316306484 -485.28608374751866 -19.334397992530413 99.00532921236535 758.7150059139482 5.16557142857138
7_100 single 58 80.2557142857138 5.42692307692308 1478.84377847524 14788.437784752401 108 185 1413.799 12880.63 64.55571 2237.2877028480743 2.4793713163064837 3.5044026040677636 9.265602007469582 147.884377847524 1478.84377847524 8.025571428571379
7_102 single 58 111.4557142857138 4.5839394914708755 2358.000536656195 21783.70365668882 109 203 1413.799 12880.63 64.55571 9232.553574784493 3.4793713163064837 882.6611607850227 40.465602007469585 235.8000536656195 2178.370365668882 11.14557142857138
7_105 single 58 55.9057142857138 5.020473017835474 1114.61743417659 9507.673305238153 107.5 211 1413.799 12880.63 64.55571 -3043.4767766661735 1.9793713163064837 -360.72194169458226 -15.084397992530413 111.461743417659 950.7673305238153 5.59057142857138
7_11 single 58 49.79571428571381 4.84927536231884 1006.295516804175 8839.27179917182 112.5 59 1413.799 12880.63 64.55571 -3711.8782827325067 6.979371316306484 -469.04385906699724 -21.194397992530405 100.6295516804175 883.927179917182 4.979571428571381
7_115 single 58 98.1857142857138 4.763362688713155 2068.5117737083347 18535.07866977685 109 162 1413.799 12880.63 64.55571 5983.928587872522 3.4793713163064837 593.1723978371624 27.19560200746959 206.85117737083345 1853.507866977685 9.81857142857138
7_118 single 58 54.155714285713806 4.85283018867925 1115.96145301043 8927.69162408344 108 212 1413.799 12880.63 64.55571 -3623.458457820887 2.4793713163064837 -359.3779228607423 -16.834397992530405 111.596145301043 892.769162408344 5.415571428571381
7_119 single 58 65.55571428571379 5.438484162895925 1202.40671381446 10901.62145744764 105 213 1413.799 12880.63 64.55571 -1649.5286244566869 -0.5206286836935163 -272.93266205671216 -5.434397992530421 120.240671381446 1090.162145744764 6.555571428571379
7_12 single 58 74.1557142857138 5.09126213592233 1456.7002977971351 14567.002977971351 108 214 1413.799 12880.63 64.55571 2015.8528960670246 2.4793713163064837 -18.639078074037116 3.1656020074695874 145.6700297797135 1456.7002977971351 7.41557142857138
7_126 single 58 64.8057142857138 4.83705909943715 1341.47527032438 10497.74794038553 116 154 1413.799 12880.63 64.55571 -2053.4021415187963 10.479371316306484 -133.8641055467922 -6.184397992530407 134.147527032438 1049.774794038553 6.4805714285713805
7_131 single 58 58.2357142857138 5.457278911564625 1065.650566143605 10114.027554680426 110 215 1413.799 12880.63 64.55571 -2437.1225272239008 4.479371316306484 -409.68880972756733 -12.754397992530414 106.56505661436049 1011.4027554680426 5.8235714285713795
7_14 single 58 84.4507142857138 5.241908212560386 1611.70732400075 14615.89003964623 104 218 1413.799 12880.63 64.55571 2064.7399577419037 -1.5206286836935163 136.36794812957783 13.46060200746959 161.170732400075 1461.589003964623 8.44507142857138
7_141 single 58 82.9507142857138 5.31398057860416 1564.7959080782998 12317.26624642035 102 216 1413.799 12880.63 64.55571 -233.88383548397724 -3.5206286836935163 89.45653220712757 11.96060200746959 156.47959080783 1231.726624642035 8.29507142857138
7_149 single 58 85.3057142857138 5.6638250428816495 1502.572133589645 14372.386952261764 108 217 1413.799 12880.63 64.55571 1821.2368703574375 2.4793713163064837 27.23275771847284 14.315602007469593 150.25721335896452 1437.2386952261763 8.530571428571381
7_152 single 58 86.38071428571381 5.557935910937265 1553.469483399615 13981.225350596535 110 121 1413.799 12880.63 64.55571 1430.0752686922078 4.479371316306484 78.13010752844275 15.390602007469596 155.3469483399615 1398.1225350596535 8.638071428571381
7_158 single 58 78.72571428571379 4.694718821818865 1606.6463235176202 16066.463235176201 101.5 219 1413.799 12880.63 64.55571 3515.3131532718744 -4.020628683693516 131.30694764644795 7.735602007469581 160.664632351762 1606.6463235176202 7.872571428571379
7_163 single 58 82.2507142857138 NA NA NA 109 NA 1413.799 12880.63 64.55571 NA 3.4793713163064837 NA 11.260602007469586 NA NA 8.225071428571379
7_165 single 58 36.2757142857138 4.53168201734776 807.8478553322129 7650.690737157094 101 221 1413.799 12880.63 64.55571 -4900.4593447472325 -4.520628683693516 -667.4915205389593 -34.71439799253041 80.7847855332213 765.0690737157095 3.6275714285713803
7_167 single 58 76.5307142857138 4.5375000000000005 1629.7352607728349 11408.146825409845 99.5 222 1413.799 12880.63 64.55571 -1143.0032564944813 -6.020628683693516 154.3958849016626 5.540602007469587 162.97352607728348 1140.8146825409844 7.65307142857138
7_170 single 58 45.5057142857138 5.11856819715068 887.033031079179 7935.116289449748 107.5 NA 1413.799 12880.63 64.55571 -4616.033792454578 1.9793713163064837 -588.3063447919933 -25.48439799253041 88.70330310791789 793.5116289449749 4.55057142857138
7_173 single 58 174.8557142857138 5.33398058252427 3278.14680950647 32781.4680950647 103 224 1413.799 12880.63 64.55571 20230.318013160373 -2.5206286836935163 1802.807433635298 103.86560200746958 327.814680950647 3278.14680950647 17.48557142857138
7_174 single 58 108.30571428571379 5.372464642980335 2024.1747801290699 16835.20087978774 108 225 1413.799 12880.63 64.55571 4284.050797883412 2.4793713163064837 548.8354042578976 37.31560200746958 202.417478012907 1683.520087978774 10.830571428571378
7_176 single 58 78.7357142857138 5.75958974358974 1371.353836285025 11459.58996820579 103 219 1413.799 12880.63 64.55571 -1091.560113698537 -2.5206286836935163 -103.9855395861473 7.745602007469586 137.1353836285025 1145.958996820579 7.873571428571379
7_177 single 58 61.72071428571381 4.03545354407357 1693.6046513553 14089.009113934144 116 226 1413.799 12880.63 64.55571 1537.8590320298172 10.479371316306484 218.26527548412764 -9.2693979925304 169.36046513552998 1408.9009113934144 6.172071428571381
7_18 single 58 74.9207142857138 4.95187132043734 1517.8320970352845 14141.515310259521 106.5 NA 1413.799 12880.63 64.55571 1590.3652283551946 0.9793713163064837 42.492721164112254 3.930602007469588 151.78320970352846 1414.1515310259522 7.49207142857138
7_181 single 58 85.7057142857138 5.625525210084035 1533.90081074631 8057.08902393021 110 NA 1413.799 12880.63 64.55571 -4494.061057974117 4.479371316306484 58.56143487513782 14.715602007469585 153.390081074631 805.7089023930209 8.57057142857138
7_184 single 58 65.4557142857138 5.4963186813186855 1193.8938385155805 10508.003890876174 101 222 1413.799 12880.63 64.55571 -2043.1461910281523 -4.520628683693516 -281.4455373555918 -5.534397992530415 119.38938385155805 1050.8003890876175 6.54557142857138
7_187 single 58 92.5057142857138 5.07777625882889 1821.22771654394 15124.884762744801 109 229 1413.799 12880.63 64.55571 2573.7346808404745 3.4793713163064837 345.88834067276775 21.51560200746958 182.122771654394 1512.48847627448 9.25057142857138
7_190 single 58 92.11571428571379 5.12926506368971 1832.128990055075 12963.637272161151 110 121 1413.799 12880.63 64.55571 412.48719025682476 4.479371316306484 356.7896141839028 21.12560200746958 183.2128990055075 1296.3637272161152 9.211571428571379
7_198 single 58 82.9557142857138 6.110312015028995 1347.671088820235 10906.174847118495 110 231 1413.799 12880.63 64.55571 -1644.975234785832 4.479371316306484 -127.66828705093735 11.965602007469585 134.76710888202348 1090.6174847118496 8.29557142857138
7_20 single 58 93.3307142857138 4.547326454033775 2043.355600365785 18893.8070187926 108 235 1413.799 12880.63 64.55571 6342.656936888272 2.4793713163064837 568.0162244946127 22.340602007469585 204.3355600365785 1889.38070187926 9.33307142857138
7_207 single 58 61.0257142857138 4.5450903119868595 1440.56973690196 13521.868122608124 112.5 234 1413.799 12880.63 64.55571 970.7180407037977 6.979371316306484 -34.76963896921234 -9.964397992530408 144.056973690196 1352.1868122608125 6.10257142857138
7_211 single 58 64.6557142857138 5.85271966527197 1104.71230442419 11047.1230442419 110 121 1413.799 12880.63 64.55571 -1504.0270376624267 4.479371316306484 -370.6270714469822 -6.334397992530413 110.471230442419 1104.71230442419 6.46557142857138
7_214 single 58 83.8557142857138 5.34262272665117 1562.1411306855598 14059.27017617004 103.5 221 1413.799 12880.63 64.55571 1508.1200942657124 -2.0206286836935163 86.80175481438755 12.86560200746959 156.21411306855597 1405.927017617004 8.38557142857138
7_219 single 58 59.3407142857138 4.51101680310211 1178.1338055644585 11781.338055644585 105.5 221 1413.799 12880.63 64.55571 -769.8120262597422 -0.020628683693516336 -297.20557030671375 -11.64939799253041 117.81338055644585 1178.1338055644585 5.9340714285713805
7_31 single 58 92.5057142857138 4.6903623016812706 1974.07158756453 16709.720082149717 112 113 1413.799 12880.63 64.55571 4158.5700002453905 6.479371316306484 498.73221169335784 21.51560200746958 197.40715875645301 1670.9720082149718 9.25057142857138
7_34 single 58 60.915714285713804 5.087920673076924 1187.0331358161054 11870.331358161055 105 236 1413.799 12880.63 64.55571 -680.8187237432721 -0.5206286836935163 -288.30624005506684 -10.074397992530407 118.70331358161054 1187.0331358161054 6.09157142857138
7_38 single 58 90.58571428571379 5.43787027095307 1709.0449816942835 11883.493458295456 104.5 NA 1413.799 12880.63 64.55571 -667.6566236088711 -1.0206286836935163 233.70560582311123 19.59560200746958 170.90449816942834 1188.3493458295457 9.05857142857138
7_40 single 58 92.55571428571379 5.691346153846155 1632.99297206353 15353.86877088433 109 59 1413.799 12880.63 64.55571 2802.718688980003 3.4793713163064837 157.65359619235778 21.56560200746958 163.299297206353 1535.386877088433 9.255571428571379
7_44 single 58 40.8457142857138 3.57350675023025 1149.6699595078876 11035.152750274363 102.5 238 1413.799 12880.63 64.55571 -1515.9973316299638 -3.0206286836935163 -325.66941636328465 -30.144397992530415 114.96699595078876 1103.5152750274362 4.08457142857138
7_5 single 58 51.440714285713796 5.667789921655865 904.0679067741075 5030.812837748956 110 107 1413.799 12880.63 64.55571 -7520.337244155371 4.479371316306484 -571.2714690970647 -19.549397992530416 90.40679067741075 503.08128377489555 5.1440714285713796
7_51 single 58 83.3957142857138 5.063765027542114 1651.1496265144801 13958.813576533015 109 228 1413.799 12880.63 64.55571 1407.6634946286886 3.4793713163064837 175.81025064330788 12.405602007469582 165.11496265144802 1395.8813576533016 8.339571428571379
7_53 single 58 92.6057142857138 5.370952757002835 1780.9968378778199 14798.336612551131 108 239 1413.799 12880.63 64.55571 2247.1865306468044 2.4793713163064837 305.6574620066476 21.61560200746959 178.099683787782 1479.8336612551132 9.26057142857138
7_58 single 58 78.71071428571379 4.60457711442786 1717.3389833298552 13939.20910213545 101 NA 1413.799 12880.63 64.55571 1388.0590202311232 -4.520628683693516 241.99960745868293 7.72060200746958 171.73389833298552 1393.920910213545 7.871071428571379
7_65 single 58 58.5207142857138 5.411984448951995 1078.1672871517176 8810.896274142455 112.5 241 1413.799 12880.63 64.55571 -3740.253807761872 6.979371316306484 -397.1720887194547 -12.46939799253041 107.81672871517176 881.0896274142455 5.85207142857138
7_67 single 58 109.31071428571379 5.38579842498842 2009.05678414673 14880.88150364797 107.5 188 1413.799 12880.63 64.55571 2329.7314217436433 1.9793713163064837 533.7174082755578 38.320602007469574 200.905678414673 1488.088150364797 10.931071428571379
7_69 single 58 57.3482142857138 4.78031733137236 1234.5757852435527 8037.003949279681 100.25 232 1413.799 12880.63 64.55571 -4514.146132624645 -5.270628683693516 -240.76359062761958 -13.64189799253041 123.45757852435527 803.7003949279681 5.73482142857138
7_7 single 58 66.70571428571381 5.327563569116965 1214.262145050453 10928.359305454078 106.5 243 1413.799 12880.63 64.55571 -1622.7907764502488 0.9793713163064837 -261.07723082071925 -4.284397992530401 121.4262145050453 1092.8359305454078 6.670571428571381
7_74 single 58 99.9057142857138 5.660853987618765 1766.239615283835 15896.156537554514 108 NA 1413.799 12880.63 64.55571 3345.0064556501875 2.4793713163064837 290.9002394126628 28.915602007469587 176.62396152838352 1589.6156537554514 9.99057142857138
7_81 single 58 91.80571428571379 5.92118729866544 1523.684821041949 15236.848210419492 112.5 107 1413.799 12880.63 64.55571 2685.698128515165 6.979371316306484 48.34544517077666 20.81560200746958 152.3684821041949 1523.6848210419491 9.18057142857138
7_84 single 58 76.04571428571381 4.594102491935304 1651.4647453022649 13246.47056047079 106.5 244 1413.799 12880.63 64.55571 695.3204785664639 0.9793713163064837 176.12536943109262 5.055602007469602 165.1464745302265 1324.647056047079 7.604571428571381
7_86 single 58 92.45571428571381 5.52815533980583 1672.45145265692 16724.5145265692 110 203 1413.799 12880.63 64.55571 4173.364444664874 4.479371316306484 197.11207678574783 21.4656020074696 167.245145265692 1672.45145265692 9.245571428571381
7_87 single 58 119.11571428571379 4.0941173957621295 2572.44185129403 25724.418512940298 108 245 1413.799 12880.63 64.55571 13173.268431035971 2.4793713163064837 1097.1024754228579 48.12560200746958 257.24418512940304 2572.4418512940297 11.91157142857138
7_93 single 58 84.1557142857138 5.93409961685824 1418.17157984061 2836.34315968122 108 185 1413.799 12880.63 64.55571 -9714.806922223106 2.4793713163064837 -57.16779603056216 13.165602007469587 141.817157984061 283.634315968122 8.41557142857138
7_94 single 58 74.3907142857138 5.096852712464915 1368.226423132918 11104.003768399652 111 233 1413.799 12880.63 64.55571 -1447.1463135046743 5.479371316306484 -107.11295273825431 3.400602007469587 136.8226423132918 1110.4003768399652 7.4390714285713795
7_95 single 58 60.2557142857138 80.5052631578945 67.55295747476245 625.1939836146206 108.5 59 1413.799 12880.63 64.55571 -11925.956098289706 2.9793713163064837 -1407.7864183964098 -10.734397992530411 6.755295747476245 62.51939836146206 6.02557142857138
7_96 single 58 109.94571428571379 5.95077553862221 1857.82423739445 15622.1813791957 112 187 1413.799 12880.63 64.55571 3071.0312972913725 6.479371316306484 382.4848615232777 38.95560200746958 185.782423739445 1562.21813791957 10.99457142857138
7_97 single 58 94.6307142857138 6.137929415781165 1542.80198980876 8991.968916070091 111 107 1413.799 12880.63 64.55571 -3559.181165834236 5.479371316306484 67.46261393758778 23.64060200746958 154.280198980876 899.1968916070091 9.463071428571379
7_98 single 58 81.3857142857138 5.5491621789353545 1462.64676901281 10980.702108651794 101.5 246 1413.799 12880.63 64.55571 -1570.4479732525324 -4.020628683693516 -12.692606858362296 10.395602007469591 146.264676901281 1098.0702108651794 8.13857142857138
