Genotypes Condition Generation total_seed_mass_g 100_seed_weight Fecundity Fitness Flowering_Date Haplotype Atlas_Avg_Fec Atlas_Avg_Fit Atlas_Avg_TW
1_100 mixed 18 69.85571428571428 4.358121921754485 1587.774707041105 15309.702757051145 103.5 30 2363.51 21347.22 126.8267
1_100 single 18 81.05571428571429 4.46538461538462 1815.2011812476899 9990.452811615585 106.5 30 2363.51 21347.22 126.8267
1_103 mixed 18 40.62571428571428 4.5639345013168455 889.359129340883 8004.2321640679465 101 32 2363.51 21347.22 126.8267
1_103 single 18 43.41571428571429 4.56264039408867 941.159675044215 7937.713427686425 97.5 32 2363.51 21347.22 126.8267
1_104 mixed 18 61.38071428571429 4.364535100821509 1413.424053953745 11488.30907827293 106.5 33 2363.51 21347.22 126.8267
1_104 single 18 88.3057142857143 4.713909542978925 1884.018423586725 16680.36280729582 110 33 2363.51 21347.22 126.8267
1_105_1 mixed 18 52.975714285714304 4.39904761904762 1201.4742926680035 10813.26863401203 104 NA 2363.51 21347.22 126.8267
1_105_1 single 18 84.7557142857143 4.60961538461538 1838.67214971095 17382.77966505753 104 NA 2363.51 21347.22 126.8267
1_107 mixed 18 54.0657142857143 4.764133952441255 1135.01373616155 8007.09888027714 103.5 35 2363.51 21347.22 126.8267
1_107 single 18 62.5557142857143 5.1287565758010505 1221.91271236341 11700.305546646676 111 35 2363.51 21347.22 126.8267
1_110 mixed 18 96.70571428571431 4.788504403904005 2014.0731104257902 20140.731104257902 94 32 2363.51 21347.22 126.8267
1_110 single 18 93.2557142857143 4.199360485470885 2169.63069105997 20152.764798552416 97.5 32 2363.51 21347.22 126.8267
1_112_2 mixed 18 113.69071428571431 4.656497386109035 2441.060871098465 18367.926224836727 101 NA 2363.51 21347.22 126.8267
1_112_2 single 18 84.8857142857143 4.47709708737864 1894.03330311981 14133.479526626905 101 NA 2363.51 21347.22 126.8267
1_113 mixed 18 76.9757142857143 4.717368078781121 1624.987420896495 13592.13775268031 102 39 2363.51 21347.22 126.8267
1_113 single 18 77.54571428571421 4.997 1548.2871186397851 12506.03228062277 103.5 39 2363.51 21347.22 126.8267
1_114_2 mixed 18 41.7007142857142 4.34947667534928 961.3326152613356 9293.376139897991 102 NA 2363.51 21347.22 126.8267
1_114_2 single 18 16.970714285714198 4.054523076923076 407.7860271294355 3497.4211342800513 115 NA 2363.51 21347.22 126.8267
1_116 mixed 18 71.8557142857142 4.6685943887030845 1546.44680180828 15464.4680180828 106.5 41 2363.51 21347.22 126.8267
1_116 single 18 35.2707142857142 4.273951219512195 803.49181620756 7092.650478303063 109 41 2363.51 21347.22 126.8267
1_118 mixed 18 61.9007142857142 4.459153244362635 1352.8467621446575 10613.257346585186 108 NA 2363.51 21347.22 126.8267
1_118 single 18 56.4657142857142 4.4474349470643 1241.770757121538 12053.012662254492 106.5 NA 2363.51 21347.22 126.8267
1_120 mixed 18 78.20571428571421 4.1511596063329055 1989.7763402299595 18390.0876920532 101.5 45 2363.51 21347.22 126.8267
1_120 single 18 62.095714285714195 3.73903452685422 1618.8144176893452 14390.81496429139 101.5 45 2363.51 21347.22 126.8267
1_124 mixed 18 79.5057142857142 4.994985621854781 1586.3051482083101 15863.0514820831 102.5 47 2363.51 21347.22 126.8267
1_124 single 18 130.4057142857142 5.38839001111091 2430.3140577488753 17165.223434223102 102 47 2363.51 21347.22 126.8267
1_126 mixed 18 80.550714285714207 4.814504442925495 1679.925607516915 14330.41222516058 104 42 2363.51 21347.22 126.8267
1_126 single 18 61.505714285714205 4.703958333333334 1289.3465899193984 12454.703438413177 113.5 42 2363.51 21347.22 126.8267
1_128 mixed 18 77.5057142857142 4.5962452450212545 1699.21141808916 15520.887725065599 101.5 50 2363.51 21347.22 126.8267
1_128 single 18 85.3557142857142 5.28 1616.5854978355 16165.854978355 102 50 2363.51 21347.22 126.8267
1_130 mixed 18 102.3157142857142 4.802965680984245 2134.48615358786 15750.714715228305 104 51 2363.51 21347.22 126.8267
1_130 single 18 58.2057142857142 4.83759201324991 1223.2999486188046 9463.243010739137 106.5 51 2363.51 21347.22 126.8267
1_131 mixed 18 58.7257142857142 4.38691588785047 1338.65603505995 13386.5603505995 110 52 2363.51 21347.22 126.8267
1_131 single 18 75.3807142857142 5.0248846153846145 1511.77470676022 7741.9484971909205 112.5 52 2363.51 21347.22 126.8267
1_133 mixed 18 85.2557142857142 4.866148918432716 1728.4158325316598 17284.1583253166 106.5 53 2363.51 21347.22 126.8267
1_133 single 18 70.7207142857142 5.26807843137255 1344.97478499689 10683.848371644552 111 53 2363.51 21347.22 126.8267
1_134 mixed 18 98.32571428571418 5.042307692307695 1932.915737620515 16738.471972961426 104 54 2363.51 21347.22 126.8267
1_134 single 18 93.89071428571421 5.563990291262135 1702.911226711005 10799.85931583853 112 54 2363.51 21347.22 126.8267
1_135 mixed 18 34.2107142857142 4.596728778467909 752.039902549968 5099.402259269005 105.5 55 2363.51 21347.22 126.8267
1_135 single 18 55.8957142857142 5.094 1097.28532166695 9875.56789500255 112 55 2363.51 21347.22 126.8267
1_136 mixed 18 58.0757142857142 4.486127707244215 1287.6478739209301 11035.40618353448 103 56 2363.51 21347.22 126.8267
1_136 single 18 113.7557142857142 5.008244019138755 2272.54838858934 19213.366231483276 111.5 56 2363.51 21347.22 126.8267
1_137 mixed 18 78.8057142857142 4.68464196251188 1694.8989179969806 15019.342783839104 103 NA 2363.51 21347.22 126.8267
1_137 single 18 62.755714285714205 4.5987026131763 1363.74819214963 11048.96078201184 101.5 NA 2363.51 21347.22 126.8267
1_14 mixed 18 86.10571428571416 4.746405257980864 1802.4526796853552 16909.27331151696 103 64 2363.51 21347.22 126.8267
1_14 single 18 62.5557142857141 4.400173537826555 1435.0813563716702 7263.6256265153 101.5 64 2363.51 21347.22 126.8267
1_147_1 mixed 18 38.5907142857141 3.886118892001245 946.83686128629 8846.472093401824 103.5 NA 2363.51 21347.22 126.8267
1_147_1 single 18 91.81571428571411 4.9710196078431395 1841.9279866245902 11344.21716756034 109 NA 2363.51 21347.22 126.8267
1_148 mixed 18 87.1057142857141 4.76455996352029 1831.36771411537 15633.054155707832 109 62 2363.51 21347.22 126.8267
1_148 single 18 86.1607142857141 5.48099014778325 1558.286132023635 14712.77551869483 109 62 2363.51 21347.22 126.8267
1_156 mixed 18 31.530714285714097 3.9900844277673553 782.580045313929 7343.457652517562 106.5 66 2363.51 21347.22 126.8267
1_156 single 18 43.7657142857141 4.04077990430622 1077.4113838071949 10774.11383807195 110 66 2363.51 21347.22 126.8267
1_157 mixed 18 52.630714285714106 4.4943756449948395 1129.742677006536 9928.887765957888 105 67 2363.51 21347.22 126.8267
1_157 single 18 51.6857142857141 4.938346153846155 969.5653591932345 7772.744674431168 115 67 2363.51 21347.22 126.8267
1_158 mixed 18 45.875714285714096 3.55022222222222 1292.19275341583 6460.963767079151 102 31 2363.51 21347.22 126.8267
1_158 single 18 78.8057142857141 4.88332075471698 1546.509792192837 13007.89513234572 94 31 2363.51 21347.22 126.8267
1_16_2 mixed 18 66.3807142857141 4.924188626907075 1316.7210134913125 13167.210134913126 102 NA 2363.51 21347.22 126.8267
1_16_2 single 18 118.21571428571411 4.947 2389.495888019515 20318.21780876659 99.5 NA 2363.51 21347.22 126.8267
1_162_3 mixed 18 39.8957142857141 4.360784313725491 916.8063851861104 8340.756885060304 103.5 NA 2363.51 21347.22 126.8267
1_162_3 single 18 39.1657142857141 3.82477777777778 1035.5894107489366 8981.348512315726 109 NA 2363.51 21347.22 126.8267
1_165_3 mixed 18 101.7057142857141 5.19929858788554 1946.864424248975 18273.743766645974 105 NA 2363.51 21347.22 126.8267
1_165_3 single 18 38.7557142857141 5.06602870813397 765.011738356087 5355.082168492609 103 NA 2363.51 21347.22 126.8267
1_169 mixed 18 90.09071428571411 5.044117647058824 1780.11644883203 16972.459131177446 104 69 2363.51 21347.22 126.8267
1_169 single 18 122.36571428571412 5.253642512077295 2340.226221663815 15094.683289670655 101.5 69 2363.51 21347.22 126.8267
1_17_2 mixed 18 55.795714285714105 4.969127274369045 1045.7127240583804 4837.282882206198 94 NA 2363.51 21347.22 126.8267
1_17_2 single 18 76.6557142857141 4.97205128205128 1522.6684221595401 10922.914264146679 94 NA 2363.51 21347.22 126.8267
1_172_2 mixed 18 74.3907142857141 5.00765915119363 1487.839618446215 10730.31859493579 108 NA 2363.51 21347.22 126.8267
1_172_2 single 18 33.6407142857141 5.269 631.297653242579 5689.722283729852 104 NA 2363.51 21347.22 126.8267
1_174 mixed 18 89.1307142857141 4.859895808666825 1807.9034426180851 13075.554036720489 105 NA 2363.51 21347.22 126.8267
1_174 single 18 41.0057142857141 5.022 805.7287580363934 7532.34751280373 104 NA 2363.51 21347.22 126.8267
1_177 mixed 18 82.6557142857141 4.4090240158902105 1842.065033666185 16065.11698235097 103.5 NA 2363.51 21347.22 126.8267
1_177 single 18 70.0057142857141 4.7192663476874 1488.543365111555 12812.652557546044 105.5 NA 2363.51 21347.22 126.8267
1_178 mixed 18 44.2607142857141 4.37892793655135 1002.8793308248885 10028.793308248885 105.5 73 2363.51 21347.22 126.8267
1_178 single 18 104.2557142857141 5.3274213836477955 1958.07039445879 19580.703944587898 105 73 2363.51 21347.22 126.8267
1_179_1 mixed 18 45.77071428571405 4.402284133014399 1028.213839001247 5513.4423992121265 116 NA 2363.51 21347.22 126.8267
1_179_1 single 18 46.590714285714 5.11354929577465 903.2239997524816 6078.108051934194 107.5 NA 2363.51 21347.22 126.8267
1_18 mixed 18 42.665714285714 4.716553718261495 895.863605221385 7714.363437452384 107.5 NA 2363.51 21347.22 126.8267
1_18 single 18 84.000714285714 4.56444538250475 1748.572735023924 17485.727350239238 111 NA 2363.51 21347.22 126.8267
1_187 mixed 18 65.750714285714 4.1105791339851745 1518.367469087736 12735.602849230057 105 76 2363.51 21347.22 126.8267
1_187 single 18 50.755714285714 4.214308943089435 1192.2971307841449 10540.633320404431 107.5 76 2363.51 21347.22 126.8267
1_189 mixed 18 64.080714285714 4.54498460295825 1409.938891214605 11984.845459940334 108 NA 2363.51 21347.22 126.8267
1_189 single 18 124.35571428571399 4.84934065934066 2574.185255358805 23002.51986267021 110 NA 2363.51 21347.22 126.8267
1_19 mixed 18 50.055714285714004 4.980608764103909 1006.3334296652231 7121.377360373842 103.5 82 2363.51 21347.22 126.8267
1_19 single 18 32.735714285713996 4.41083495145631 729.865160373471 6254.735545586009 103 82 2363.51 21347.22 126.8267
1_191 mixed 18 32.220714285713996 4.381033121196641 723.3471375205925 6510.124237685332 105 79 2363.51 21347.22 126.8267
1_191 single 18 42.14571428571399 4.594087378640775 887.3256135816496 8873.256135816495 106.5 79 2363.51 21347.22 126.8267
1_192_3 mixed 18 68.140714285714 4.19166589967787 1636.017924247225 16360.179242472252 101.5 NA 2363.51 21347.22 126.8267
1_192_3 single 18 80.955714285714 4.234856930509105 1879.6022719730204 17351.195003432418 97.5 NA 2363.51 21347.22 126.8267
1_193_3 mixed 18 65.50571428571399 5.0917094993337155 1286.530673243095 9880.407887121195 104 NA 2363.51 21347.22 126.8267
1_193_3 single 18 41.355714285714 5.44909090909091 758.94704228037 7589.470422803701 108 NA 2363.51 21347.22 126.8267
1_195_3 mixed 18 56.205714285713995 4.9690337494221 1136.6921972855794 6826.345400140938 108 NA 2363.51 21347.22 126.8267
1_195_3 single 18 67.105714285714 5.03233899821109 1323.559010347475 10264.386620432755 109 NA 2363.51 21347.22 126.8267
1_2 mixed 18 86.75571428571399 4.958191454434595 1773.7572802302216 17737.572802302217 106.5 87 2363.51 21347.22 126.8267
1_2 single 18 55.515714285714 3.97393236714976 1396.935952095185 11159.288850791909 102 87 2363.51 21347.22 126.8267
1_200 mixed 18 47.225714285714005 4.87304819135148 968.5623924930541 6609.6659267431805 101.5 83 2363.51 21347.22 126.8267
1_200 single 18 56.755714285714 4.59295238095238 1264.89170199061 11140.823240452759 104 83 2363.51 21347.22 126.8267
1_203 mixed 18 84.30571428571399 4.644157200678935 1783.951326255065 17155.307993809496 106.5 NA 2363.51 21347.22 126.8267
1_203 single 18 44.375714285714 4.6690000000000005 935.449542845267 9354.495428452672 113.5 NA 2363.51 21347.22 126.8267
1_206 mixed 18 58.605714285714 5.029786059351275 1159.4452266179665 10435.0070395617 109 20 2363.51 21347.22 126.8267
1_206 single 18 76.35571428571399 5.019 1531.22736299371 14503.478464706295 106.5 20 2363.51 21347.22 126.8267
1_212 mixed 18 68.075714285714 4.404639602319801 1540.72137424528 9943.69801073852 110 44 2363.51 21347.22 126.8267
1_212 single 18 46.705714285713995 4.576134453781515 987.838027234272 6804.0923002656655 104.5 44 2363.51 21347.22 126.8267
1_214 mixed 18 61.800714285714 4.652533942088191 1306.649084877044 13066.490848770442 105 85 2363.51 21347.22 126.8267
1_214 single 18 31.065714285714 4.744 632.3364246429965 5940.466390317825 103.5 85 2363.51 21347.22 126.8267
1_218 mixed 18 65.5457142857139 4.69225646076638 1383.765023681155 13837.65023681155 103.5 48 2363.51 21347.22 126.8267
1_218 single 18 81.6657142857139 4.290478260869565 1851.061167559572 16305.67026517203 110 48 2363.51 21347.22 126.8267
1_22 mixed 18 95.8557142857139 5.04230769230769 1901.02865860302 5703.08597580906 115 54 2363.51 21347.22 126.8267
1_22 single 18 86.6057142857139 5.271158536585364 1662.260399876815 15542.587564970916 110 54 2363.51 21347.22 126.8267
1_221 mixed 18 58.4957142857139 4.860180459351075 1198.711312719815 8450.80284333599 106.5 86 2363.51 21347.22 126.8267
1_221 single 18 32.9557142857139 4.88661654135338 675.637412819534 5659.195871430091 113.5 86 2363.51 21347.22 126.8267
1_24 mixed 18 67.65571428571391 4.207530454042085 1611.993813343755 14507.944320093795 105 68 2363.51 21347.22 126.8267
1_24 single 18 43.830714285713896 4.968153846153845 885.33733233244 8514.682029873386 102 68 2363.51 21347.22 126.8267
1_3 mixed 18 71.0457142857139 4.9405204808028955 1390.4078060606785 13904.078060606786 105 73 2363.51 21347.22 126.8267
1_3 single 18 99.9557142857139 5.41544660194175 1856.35461318939 13118.728477357125 109 73 2363.51 21347.22 126.8267
1_39_1 mixed 18 55.75571428571389 4.21779935275081 1327.1198261486052 11494.826912760262 100 NA 2363.51 21347.22 126.8267
1_39_1 single 18 55.160714285713894 4.301468599033814 1242.4109874459884 10327.688764687558 90.5 NA 2363.51 21347.22 126.8267
1_45 mixed 18 82.4607142857139 4.573295322563615 1777.361950449935 15996.257554049414 104 NA 2363.51 21347.22 126.8267
1_45 single 18 78.3807142857139 4.556259398496239 1726.636541350705 15349.77315604835 105 NA 2363.51 21347.22 126.8267
1_47_1 mixed 18 65.3557142857139 5.031813015061095 1295.3168558746752 11545.59718414478 105 NA 2363.51 21347.22 126.8267
1_47_1 single 18 64.8407142857139 5.46121568627451 1210.400654848251 8455.796499092612 109 NA 2363.51 21347.22 126.8267
1_51_1 mixed 18 42.7657142857139 4.39817084078712 948.389060718084 5264.019519244452 106.5 NA 2363.51 21347.22 126.8267
1_51_1 single 18 89.0557142857139 4.96549369747899 1782.0644742111149 17169.159825328905 109 NA 2363.51 21347.22 126.8267
1_56 mixed 18 75.5557142857139 5.14881155392745 1455.912575456055 14559.125754560551 103.5 NA 2363.51 21347.22 126.8267
1_56 single 18 64.0557142857139 NA NA NA 103.5 NA 2363.51 21347.22 126.8267
1_58 mixed 18 81.5057142857139 5.139552289582905 1578.70927735098 14208.38349615882 104.5 94 2363.51 21347.22 126.8267
1_58 single 18 70.2107142857139 5.068294092156575 1358.217496652534 13582.17496652534 101.5 94 2363.51 21347.22 126.8267
1_6 mixed 18 91.81904761904724 5.21767695333241 1756.7321960307568 12240.42318227952 102 70 2363.51 21347.22 126.8267
1_6 single 18 77.3257142857139 5.21373041413875 1420.5038783573928 12985.297443203875 104.75 70 2363.51 21347.22 126.8267
1_60_3 mixed 18 73.5157142857139 4.732582417582416 1623.8794375980328 15418.464202721105 106.5 NA 2363.51 21347.22 126.8267
1_60_3 single 18 66.3557142857139 5.127348837209301 1292.4433808019116 9047.10366561338 109 NA 2363.51 21347.22 126.8267
1_61 mixed 18 41.320714285713905 4.19437071144818 980.9971326799571 8779.803372334562 96 97 2363.51 21347.22 126.8267
1_61 single 18 80.36071428571384 5.01966015489539 1610.931180142885 12863.666458160775 96 97 2363.51 21347.22 126.8267
1_65 mixed 18 85.4557142857138 4.932948141131895 1748.2641136698549 16230.383590659549 105 65 2363.51 21347.22 126.8267
1_65 single 18 40.0657142857138 4.745572227125624 826.021149612744 7782.6518118763925 110 65 2363.51 21347.22 126.8267
1_67 mixed 18 72.55571428571379 5.078915470494415 1437.57916943037 13706.15740513757 106.5 98 2363.51 21347.22 126.8267
1_67 single 18 47.1057142857138 5.24683076923077 895.794217297608 7359.9652696399135 119.5 98 2363.51 21347.22 126.8267
1_7_1 mixed 18 108.5557142857138 4.565863612427595 2402.25293371801 19775.34098586706 103.5 NA 2363.51 21347.22 126.8267
1_7_1 single 18 27.605714285713802 4.256803921568625 641.680791496928 5373.137255216032 106.5 NA 2363.51 21347.22 126.8267
1_74 mixed 18 107.35571428571379 5.100688177923621 2110.976071255995 19860.789165720198 106.5 99 2363.51 21347.22 126.8267
1_74 single 18 104.7557142857138 5.54975845410628 1887.57249801034 18875.7249801034 103 99 2363.51 21347.22 126.8267
1_75 mixed 18 74.2157142857138 4.00450467031703 1754.2280921028575 16216.949247493798 101.5 37 2363.51 21347.22 126.8267
1_75 single 18 97.6557142857138 5.34525116082735 1827.1753725855651 11367.59324348093 102.5 37 2363.51 21347.22 126.8267
1_78 mixed 18 59.455714285713796 5.21408854467692 1140.17866305505 10259.23019253018 105 20 2363.51 21347.22 126.8267
1_78 single 18 36.205714285713796 4.76033920154695 721.605754890759 6279.996352596143 110 20 2363.51 21347.22 126.8267
1_8 mixed 18 66.91571428571379 4.29455273751215 1533.65777268713 14668.269665328928 103 81 2363.51 21347.22 126.8267
1_8 single 18 79.6207142857138 4.340852459016395 1675.0078693966855 15529.963187810165 101.5 81 2363.51 21347.22 126.8267
1_83 mixed 18 61.6857142857138 5.14909090909091 1208.4657914549105 5204.71567381888 106.5 65 2363.51 21347.22 126.8267
1_83 single 18 98.5057142857138 4.924189411980215 2002.5098604997052 18022.588744497345 111 65 2363.51 21347.22 126.8267
1_84 mixed 18 84.4957142857138 5.21648542844715 1619.448783541475 6443.091856562105 104.5 100 2363.51 21347.22 126.8267
1_84 single 18 98.3607142857138 5.20932057416268 1858.2161003923898 18582.1610039239 101 100 2363.51 21347.22 126.8267
1_85 mixed 18 46.4107142857138 4.6524271414651395 977.0589041867745 7777.172155219392 103.5 63 2363.51 21347.22 126.8267
1_85 single 18 74.4707142857138 5.772901348039214 1272.7239032721516 11454.515129449363 112 63 2363.51 21347.22 126.8267
1_89_2 mixed 18 123.4057142857138 4.622165991902834 2657.330810199745 23546.37134932282 104 NA 2363.51 21347.22 126.8267
1_89_2 single 18 75.91571428571379 4.270858447488585 1827.75347247668 16289.684594240269 105.5 NA 2363.51 21347.22 126.8267
1_92 mixed 18 31.1357142857138 4.29447453954496 725.886535837175 6920.868627989462 103 102 2363.51 21347.22 126.8267
1_92 single 18 84.3057142857138 5.13635854341737 1621.37991011343 15671.284940037669 102 102 2363.51 21347.22 126.8267
1_93 mixed 18 70.0607142857138 4.719021879021875 1478.4953362421252 12512.48668834885 103 103 2363.51 21347.22 126.8267
1_93 single 18 102.4107142857138 4.217243902439025 2409.90652108875 22386.609292330053 102.5 103 2363.51 21347.22 126.8267
1_95 mixed 18 61.9057142857138 5.019931011461001 1231.677276887255 7228.492520429625 104.5 49 2363.51 21347.22 126.8267
1_95 single 18 74.8757142857138 3.6995999999999998 2033.4058470456598 20334.0584704566 97.5 49 2363.51 21347.22 126.8267
1_98 mixed 18 88.77071428571381 4.84818554387893 1837.964514315755 14958.59291581501 105 58 2363.51 21347.22 126.8267
1_98 single 18 84.8057142857138 5.36471544715447 1582.7794152646352 12577.04635924983 116 58 2363.51 21347.22 126.8267
1_99 mixed 18 104.4057142857138 4.89826330532213 2128.99493242904 14121.89845763132 101.5 104 2363.51 21347.22 126.8267
1_99 single 18 98.2207142857138 4.60352716380913 2067.3847572070854 20673.847572070856 102 104 2363.51 21347.22 126.8267
2_100 mixed 28 104.1557142857138 4.884784240150095 2121.523474714165 19093.711272427485 105 105 2363.51 21347.22 126.8267
2_100 single 28 62.9057142857138 4.6298527159184655 1358.7294248581702 7474.458874853875 109 105 2363.51 21347.22 126.8267
2_101 mixed 28 50.2557142857138 5.031146931760115 1004.296861196811 8911.922549039742 103 106 2363.51 21347.22 126.8267
2_101 single 28 92.3907142857138 5.035250094732855 1856.98672152734 13102.37222073392 98 106 2363.51 21347.22 126.8267
2_104 mixed 28 121.6757142857138 4.526406846730779 2689.854682155435 24208.692139398918 103 108 2363.51 21347.22 126.8267
2_104 single 28 103.5707142857138 4.401111580132265 2366.98506834287 21976.10664375676 101 108 2363.51 21347.22 126.8267
2_106 mixed 28 64.4057142857138 4.77894736842105 1333.032543865731 9931.93416300961 106.5 110 2363.51 21347.22 126.8267
2_106 single 28 25.8807142857138 3.737813047029995 696.6820027412815 6966.820027412815 111.5 110 2363.51 21347.22 126.8267
2_108 mixed 28 74.8407142857138 4.343697178374995 1728.59200964091 14376.375236709824 103 111 2363.51 21347.22 126.8267
2_108 single 28 38.3107142857138 4.464423076923075 850.4033798544925 5644.301655687814 113.5 111 2363.51 21347.22 126.8267
2_110 mixed 28 99.22571428571379 4.62994633273703 2122.37883762573 19101.40953863157 102 114 2363.51 21347.22 126.8267
2_110 single 28 71.6157142857138 4.802866300366301 1491.058065815825 8018.07471049769 103 114 2363.51 21347.22 126.8267
2_111 mixed 28 120.3557142857138 5.170015956234325 2335.23156888622 22060.54754011748 106.5 115 2363.51 21347.22 126.8267
2_111 single 28 53.3557142857138 4.879110418830045 1100.917968377691 7998.700709394924 117 115 2363.51 21347.22 126.8267
2_117 mixed 28 68.87071428571379 4.46064456356297 1532.7970690337252 10928.808619439551 102 120 2363.51 21347.22 126.8267
2_117 single 28 40.305714285713805 4.52401523597176 900.7604063298979 7490.083486571702 122 120 2363.51 21347.22 126.8267
2_119 mixed 28 92.98071428571379 4.740942028985504 1983.0085148777548 18275.78470695135 103.5 122 2363.51 21347.22 126.8267
2_119 single 28 94.0557142857138 5.94666666666667 1581.65438821268 15816.5438821268 108 122 2363.51 21347.22 126.8267
2_120 mixed 28 91.2057142857138 4.5532389937106945 2005.3320527074197 18743.37510878933 104 123 2363.51 21347.22 126.8267
2_120 single 28 114.0557142857138 4.95807419914638 2307.997188932335 21216.77616898671 112 123 2363.51 21347.22 126.8267
2_121 mixed 28 46.5057142857138 4.65858529819695 1000.5388924257261 10005.38892425726 106.5 124 2363.51 21347.22 126.8267
2_121 single 28 62.9057142857138 4.679410148378819 1364.2441511435 13642.441511435001 113.5 124 2363.51 21347.22 126.8267
2_123 mixed 28 93.0057142857138 4.91673582295989 1906.6294184713051 19066.29418471305 103 125 2363.51 21347.22 126.8267
2_123 single 28 92.1057142857138 5.0532820841341 1825.147877367605 12832.162478155375 116 125 2363.51 21347.22 126.8267
2_124 mixed 28 45.955714285713796 4.584917582417585 982.9581101951685 9829.581101951684 104 126 2363.51 21347.22 126.8267
2_124 single 28 67.2557142857138 4.13709661835749 1681.62530277678 13879.215580364391 108 126 2363.51 21347.22 126.8267
2_125 mixed 28 96.7557142857138 4.57392752856331 2117.789572492325 18616.128990534908 105 127 2363.51 21347.22 126.8267
2_125 single 28 88.3707142857138 4.90786956521739 1798.1717146050444 17040.039289783304 116 127 2363.51 21347.22 126.8267
2_13 mixed 28 49.4057142857138 4.63660748923907 1067.3687048871861 10230.02418180432 103 135 2363.51 21347.22 126.8267
2_13 single 28 32.0257142857138 4.91979069767442 644.4962596680359 2874.738986525238 111.5 135 2363.51 21347.22 126.8267
2_132 mixed 28 79.2957142857138 4.7922004062288455 1657.1684461166 12642.41905048599 104 131 2363.51 21347.22 126.8267
2_132 single 28 67.8157142857138 NA NA NA 109 131 2363.51 21347.22 126.8267
2_137 mixed 28 106.8457142857138 4.4498720601651 2242.441706807497 14633.730286623875 94 133 2363.51 21347.22 126.8267
2_137 single 28 134.5357142857138 4.390519026201185 3217.371631034105 31100.178324475328 90.5 133 2363.51 21347.22 126.8267
2_138 mixed 28 74.9557142857138 4.9013013013013005 1530.06053237126 11515.749219555255 103.5 134 2363.51 21347.22 126.8267
2_138 single 28 57.9107142857138 4.926106280193235 1149.0011270297355 9595.130872374699 102.5 134 2363.51 21347.22 126.8267
2_139 mixed 28 57.8207142857138 4.79052132701422 1207.1737047316851 9463.28032362819 90.5 118 2363.51 21347.22 126.8267
2_139 single 28 61.090714285713794 4.692631067961164 1287.11870938407 9183.16964978812 94 118 2363.51 21347.22 126.8267
2_142 mixed 28 87.40071428571379 4.343790305804035 1985.16746715803 18658.621704728826 103.5 120 2363.51 21347.22 126.8267
2_142 single 28 77.7957142857138 4.789483463396506 1621.9317672654151 12961.128814586675 116 120 2363.51 21347.22 126.8267
2_144 mixed 28 67.2907142857138 4.5641196013289 1450.54182865981 14505.4182865981 106.5 129 2363.51 21347.22 126.8267
2_144 single 28 63.15071428571379 5.052797101449276 1240.9633902648345 10886.957516187205 108 129 2363.51 21347.22 126.8267
2_146 mixed 28 69.12571428571381 4.8278205128205105 1423.283054488435 7963.212086669235 110 119 2363.51 21347.22 126.8267
2_146 single 28 102.9557142857138 4.98339900553523 2059.33450333358 20593.3450333358 116 119 2363.51 21347.22 126.8267
2_148 mixed 28 55.195714285713805 4.307740916271725 1255.838901139055 11157.947282067249 97.5 137 2363.51 21347.22 126.8267
2_148 single 28 44.1907142857138 4.84059735522116 911.3181182893695 7676.384204257631 96 137 2363.51 21347.22 126.8267
2_156 mixed 28 67.3757142857138 4.861940818506995 1381.044876515226 9161.17437974391 NA 141 2363.51 21347.22 126.8267
2_156 single 28 43.4107142857138 2.959200739529262 5962.775179909317 58830.278662111115 108 141 2363.51 21347.22 126.8267
2_157 mixed 28 60.050714285713795 4.44547088425593 1330.2654746622165 12467.319553464811 103.5 140 2363.51 21347.22 126.8267
2_157 single 28 91.9007142857138 5.2876103286385 1682.9964804862443 15146.9683243762 113.5 140 2363.51 21347.22 126.8267
2_160 mixed 28 86.1057142857138 4.8647512864494 1773.47428560234 16071.676085837069 90.5 143 2363.51 21347.22 126.8267
2_160 single 28 93.8707142857138 4.918359223300969 1907.51736687104 15302.08028419827 89 143 2363.51 21347.22 126.8267
2_163 mixed 28 56.06071428571379 4.5437687737801244 1225.1838821106699 10526.68583201287 105 134 2363.51 21347.22 126.8267
2_163 single 28 51.8407142857138 5.042786069651745 1027.8727461496635 7785.369369846043 104 134 2363.51 21347.22 126.8267
2_166 mixed 28 73.8457142857138 4.20829307568438 1746.484785895365 16654.13895899405 102.5 112 2363.51 21347.22 126.8267
2_166 single 28 73.7557142857138 5.2433592233009705 1429.476596499191 12865.289368492718 102 112 2363.51 21347.22 126.8267
2_167 mixed 28 49.595714285713804 4.62829268292683 1071.57687906528 10715.7687906528 94 144 2363.51 21347.22 126.8267
2_167 single 28 78.6557142857138 5.052955113860735 1553.7722469410364 13649.585849356356 94 144 2363.51 21347.22 126.8267
2_169 mixed 28 68.6557142857138 4.7351058201058205 1452.4358250344799 14524.3582503448 109 109 2363.51 21347.22 126.8267
2_169 single 28 58.8607142857138 5.264632850241545 1178.54171915437 11785.4171915437 109 109 2363.51 21347.22 126.8267
2_17 mixed 28 93.2057142857138 4.918408349641226 1905.526181061485 16100.137993679235 91.5 149 2363.51 21347.22 126.8267
2_17 single 28 75.05571428571379 5.320131362889985 1407.76433633883 14077.643363388299 87 149 2363.51 21347.22 126.8267
2_170 mixed 28 97.7057142857138 4.945631067961164 1936.885116671795 18071.748963211416 98.5 146 2363.51 21347.22 126.8267
2_170 single 28 147.3657142857138 5.446568463341145 2709.885153987645 25873.020912170832 96 146 2363.51 21347.22 126.8267
2_171 mixed 28 54.555714285713805 5.16569847856155 1062.5918901525479 10263.547876034581 103.5 147 2363.51 21347.22 126.8267
2_171 single 28 86.3057142857138 5.14910404353129 1668.554684302415 15016.992158721736 111 147 2363.51 21347.22 126.8267
2_173 mixed 28 50.9357142857138 4.69614035087719 1088.9404395100585 7511.613331538638 108 148 2363.51 21347.22 126.8267
2_173 single 28 52.0757142857138 5.457128578567859 954.7313403517945 7580.9866863915 112 148 2363.51 21347.22 126.8267
2_175 mixed 28 103.2857142857138 4.827563569116965 2090.1373759901794 17380.958018955345 103.5 116 2363.51 21347.22 126.8267
2_175 single 28 26.5157142857138 5.194 510.506628527412 1021.013257054824 122 116 2363.51 21347.22 126.8267
2_183 mixed 28 98.75571428571381 4.629090909090911 2158.717517402085 16840.017423382633 105 150 2363.51 21347.22 126.8267
2_183 single 28 64.2057142857138 5.31937476774433 1205.91635937306 9191.932090555725 104 150 2363.51 21347.22 126.8267
2_19 mixed 28 57.8907142857138 4.365502784146745 1306.573784402965 11963.23683420066 102 6 2363.51 21347.22 126.8267
2_19 single 28 73.27071428571381 5.87680769230769 1246.87202003074 8695.78444942967 103 6 2363.51 21347.22 126.8267
2_195 mixed 28 89.9657142857138 4.736428571428576 1902.89215357267 19028.921535726702 104 151 2363.51 21347.22 126.8267
2_195 single 28 100.8407142857138 5.58994553634857 1817.010773767785 13105.337753674768 109 151 2363.51 21347.22 126.8267
2_20 mixed 28 99.7057142857138 4.940111982082865 2028.272787681735 17393.34010510397 104 122 2363.51 21347.22 126.8267
2_20 single 28 64.6107142857138 5.6376862745098055 1145.8479141983944 10975.86399077026 110 122 2363.51 21347.22 126.8267
2_202 mixed 28 60.765714285713806 4.754560439560439 1283.044506697455 9990.465931301851 90.5 143 2363.51 21347.22 126.8267
2_202 single 28 86.57571428571379 4.844 1787.27733868113 17872.7733868113 91 143 2363.51 21347.22 126.8267
2_209 mixed 28 52.015714285713806 4.98554163726182 989.3967676851776 8189.290596574085 103.5 152 2363.51 21347.22 126.8267
2_209 single 28 69.7057142857138 4.631959818134209 1508.113390649075 10477.25162500804 103.5 152 2363.51 21347.22 126.8267
2_212 mixed 28 92.9507142857138 4.737239736951345 1962.53919644002 13926.098809638326 101 153 2363.51 21347.22 126.8267
2_212 single 28 46.4857142857138 4.275023255813955 1041.411644480596 10414.116444805959 97.5 153 2363.51 21347.22 126.8267
2_217 mixed 28 70.45571428571381 4.922829670329669 1441.1116408408316 13348.99921170632 105.5 155 2363.51 21347.22 126.8267
2_217 single 28 73.05571428571379 4.82645910965096 1533.52251764444 11766.15927670725 113.5 155 2363.51 21347.22 126.8267
2_219 mixed 28 54.610714285713804 4.004915528396835 1334.092826512345 12817.122147983575 100.5 157 2363.51 21347.22 126.8267
2_219 single 28 88.1307142857138 4.739146341463415 1849.1565650246898 18491.5656502469 99.5 157 2363.51 21347.22 126.8267
2_3 mixed 28 105.2057142857138 5.30673076923077 1981.75541699619 18908.399247709054 105.5 165 2363.51 21347.22 126.8267
2_3 single 28 47.155714285713806 5.031554280248685 961.63950995852 8777.320102209334 104 165 2363.51 21347.22 126.8267
2_30 mixed 28 49.4807142857138 4.33795626873567 1160.2428699422646 9852.582165064248 112.5 117 2363.51 21347.22 126.8267
2_30 single 28 42.2357142857138 4.194 1014.3519450995525 9738.412242366223 113.5 117 2363.51 21347.22 126.8267
2_34 mixed 28 85.1957142857138 4.803809523809525 1776.36982832395 16899.61239252094 104.5 162 2363.51 21347.22 126.8267
2_34 single 28 77.3407142857138 NA NA NA 110 162 2363.51 21347.22 126.8267
2_35 mixed 28 125.0107142857138 3.847918989223335 2961.981616599735 26657.834549397612 102 163 2363.51 21347.22 126.8267
2_35 single 28 85.7857142857138 5.22054368932039 1604.852824110913 16048.52824110913 106.5 163 2363.51 21347.22 126.8267
2_37 mixed 28 49.52571428571379 5.0786417688591605 978.231196709015 9231.0735030608 105 164 2363.51 21347.22 126.8267
2_37 single 28 63.815714285713796 5.120039215686275 1232.294563784489 7583.284995887241 118 164 2363.51 21347.22 126.8267
2_43 mixed 28 55.2357142857138 4.644812985179955 1193.1236997226001 9367.222896440075 104.5 165 2363.51 21347.22 126.8267
2_43 single 28 63.205714285713796 5.377754882432405 1176.9958521409599 10712.664682187169 105.5 165 2363.51 21347.22 126.8267
2_44 mixed 28 63.00571428571381 5.26072628827483 1206.5899549031801 7135.86406575642 103.5 166 2363.51 21347.22 126.8267
2_44 single 28 45.7557142857138 5.39796153846154 852.7263123298276 7179.187146411741 109 166 2363.51 21347.22 126.8267
2_46 mixed 28 50.1207142857138 5.42396407430088 924.284773445723 6438.607368658673 103.5 122 2363.51 21347.22 126.8267
2_46 single 28 72.81571428571381 5.5440000000000005 1309.6251912737564 11341.907807323712 107.5 122 2363.51 21347.22 126.8267
2_47 mixed 28 45.3557142857138 4.543939393939395 1009.0025810216875 9832.096887986863 83.5 167 2363.51 21347.22 126.8267
2_47 single 28 95.51071428571379 5.2626652360515 1803.7186634025502 16014.96585278936 76.5 167 2363.51 21347.22 126.8267
2_56 mixed 28 54.16571428571379 4.38391261171797 1217.82676324106 11078.63688180529 105 172 2363.51 21347.22 126.8267
2_56 single 28 57.460714285713806 5.269169811320754 1084.147550148944 10360.37371510054 110 172 2363.51 21347.22 126.8267
2_58 mixed 28 49.0157142857138 4.1175355450237 1127.8112667477305 10150.301400729575 105 150 2363.51 21347.22 126.8267
2_58 single 28 85.00571428571381 5.2370166136443945 1624.919089994165 15256.637467556464 105 150 2363.51 21347.22 126.8267
2_6 mixed 28 71.9557142857138 4.72006379585327 1527.689205757285 13891.796470170571 108 176 2363.51 21347.22 126.8267
2_6 single 28 55.305714285713805 4.179706919717836 1327.3956158954134 8256.400766047114 116 176 2363.51 21347.22 126.8267
2_62 mixed 28 74.32571428571379 4.25 1678.2300777453752 16782.30077745375 90.5 159 2363.51 21347.22 126.8267
2_62 single 28 73.4207142857138 5.505990147783249 1337.94194147598 8499.86216359344 94 159 2363.51 21347.22 126.8267
2_64 mixed 28 88.7557142857138 4.83911111111111 1834.13259683005 18341.3259683005 108 128 2363.51 21347.22 126.8267
2_64 single 28 57.7057142857138 4.7605365853658554 1213.2593687456451 9581.60882542655 107.5 128 2363.51 21347.22 126.8267
2_66 mixed 28 63.4357142857138 4.294327361744745 1389.357999330342 12844.688028309654 101 174 2363.51 21347.22 126.8267
2_66 single 28 108.2557142857138 4.898564593301435 2211.51559977562 22115.1559977562 97 174 2363.51 21347.22 126.8267
2_74 mixed 28 45.6507142857138 4.303729821580291 1061.3310629341754 10613.310629341755 98 143 2363.51 21347.22 126.8267
2_74 single 28 142.20571428571378 4.486477950361795 3181.900053019695 26847.265294204422 92.5 143 2363.51 21347.22 126.8267
2_77 mixed 28 84.5107142857138 4.82655950045356 1764.9174255073199 10972.80157016112 105 178 2363.51 21347.22 126.8267
2_77 single 28 51.93571428571379 5.218999999999999 919.8467022418729 9080.188444837831 101 178 2363.51 21347.22 126.8267
2_79 mixed 28 60.6957142857138 4.642341879365805 1272.3483159262973 12260.434793016211 104 179 2363.51 21347.22 126.8267
2_79 single 28 45.1057142857138 4.69714285714286 969.209177763943 5928.759357129565 109 179 2363.51 21347.22 126.8267
2_81 mixed 28 108.1207142857138 4.52494425863991 2385.838352580915 22697.794609774697 105.5 120 2363.51 21347.22 126.8267
2_81 single 28 64.1078571428569 NA NA NA 119.5 120 2363.51 21347.22 126.8267
2_84 mixed 28 28.4607142857138 4.283412322274884 673.482914138863 4887.666128638579 105 172 2363.51 21347.22 126.8267
2_84 single 28 65.4657142857138 5.663666666666664 1163.571207261109 11220.837078775108 112 172 2363.51 21347.22 126.8267
2_85 mixed 28 37.165714285713804 4.7746088794926 785.02701745722 7335.20316559 105.5 180 2363.51 21347.22 126.8267
2_85 single 28 64.2557142857138 4.66401572565366 1379.150135115795 9505.984372490158 106.5 180 2363.51 21347.22 126.8267
2_89 mixed 28 48.47571428571379 4.677258261933905 1007.7042571702075 10077.042571702075 104.5 139 2363.51 21347.22 126.8267
2_89 single 28 21.6507142857138 4.63431527093596 467.387782268681 4489.277109016334 110 139 2363.51 21347.22 126.8267
2_90 mixed 28 47.42571428571381 3.879857352632685 1241.330425185481 12413.30425185481 104 181 2363.51 21347.22 126.8267
2_90 single 28 74.1557142857138 5.29625234521576 1402.262196065685 11082.941966259265 111 181 2363.51 21347.22 126.8267
2_99 mixed 28 82.7057142857138 4.918740031897926 1671.417176068595 12103.752296406856 108 183 2363.51 21347.22 126.8267
2_99 single 28 75.5007142857138 5.43187804878049 1357.1065663380896 9300.996367781518 108.5 183 2363.51 21347.22 126.8267
3_104 mixed 50 53.6107142857138 4.57066310636404 1171.553285757945 11164.62219544226 106.5 186 2363.51 21347.22 126.8267
3_104 single 50 102.7157142857138 4.42285714285714 2347.926624825975 23479.26624825975 105 186 2363.51 21347.22 126.8267
3_112 mixed 50 95.3557142857138 5.0056776797858795 1905.684996988795 13402.541837544131 104 162 2363.51 21347.22 126.8267
3_112 single 50 93.5057142857138 4.98301512074024 1891.5194547097299 18915.1945470973 108.5 162 2363.51 21347.22 126.8267
3_118 mixed 50 61.395714285713794 4.442347858910375 1296.1102266342436 12574.90578727957 105 189 2363.51 21347.22 126.8267
3_118 single 50 74.7707142857138 4.4932948206292895 1645.269385932745 10010.607875046055 110 189 2363.51 21347.22 126.8267
3_139 mixed 50 38.955714285713796 4.48391785150079 875.3741290743881 7878.367161669492 94 191 2363.51 21347.22 126.8267
3_139 single 50 62.0307142857138 4.358100292576715 1463.1979486801602 13714.422950673641 95 191 2363.51 21347.22 126.8267
3_146 mixed 50 75.9607142857138 4.0566459627329206 1926.47599208596 18128.78329314675 107 193 2363.51 21347.22 126.8267
3_146 single 50 81.9557142857138 5.204035639412995 1579.09840873749 15790.9840873749 113.5 193 2363.51 21347.22 126.8267
3_158 mixed 50 76.5557142857138 4.563626373626375 1677.3332066492349 16138.067070105939 108 187 2363.51 21347.22 126.8267
3_158 single 50 46.8907142857138 4.89045617173524 957.5631339384361 9575.63133938436 112.5 187 2363.51 21347.22 126.8267
3_169 mixed 50 112.96071428571379 4.891573546675945 2311.4201173485353 21999.658497140168 106.5 195 2363.51 21347.22 126.8267
3_169 single 50 76.8557142857138 5.20857142857143 1476.0241508120998 14005.388894105428 109 195 2363.51 21347.22 126.8267
3_186 mixed 50 89.3057142857138 5.000770094657465 1775.835109880235 16940.747088179996 105 162 2363.51 21347.22 126.8267
3_186 single 50 103.4057142857138 5.349404652866825 1929.99408851873 18303.46496709463 112.5 162 2363.51 21347.22 126.8267
3_196 mixed 50 63.3407142857138 4.922099179285635 1286.8814561131949 11054.28013954662 105.5 197 2363.51 21347.22 126.8267
3_196 single 50 59.30571428571379 5.472727272727274 1085.0817891982665 10470.989188739535 117 197 2363.51 21347.22 126.8267
3_207 mixed 50 76.70571428571381 5.0159188034188045 1532.7093531741996 14595.481965500307 107.5 199 2363.51 21347.22 126.8267
3_207 single 50 55.5957142857138 4.74063305115937 1153.094756446005 11530.94756446005 113.5 199 2363.51 21347.22 126.8267
3_4 mixed 50 57.97571428571379 4.105939829216865 1291.2094123841555 12633.798852728494 102 205 2363.51 21347.22 126.8267
3_4 single 50 77.6057142857138 4.8046296296296305 1615.061855941825 11682.37773209005 97.5 205 2363.51 21347.22 126.8267
3_41 mixed 50 102.3557142857138 5.356479604249451 1902.2205317079902 7455.366655881366 112.5 203 2363.51 21347.22 126.8267
3_41 single 50 55.4557142857138 4.8400670690811545 1148.507162746972 11485.071627469719 111 203 2363.51 21347.22 126.8267
3_67 mixed 50 79.7507142857138 5.0537894086132304 1577.815231808675 14219.41152023559 109 207 2363.51 21347.22 126.8267
3_67 single 50 80.5907142857138 4.88761904761905 1634.703012081165 16347.03012081165 108 207 2363.51 21347.22 126.8267
3_72 mixed 50 51.8557142857138 5.074765258215965 1010.0263935843755 6488.278779372816 108 208 2363.51 21347.22 126.8267
3_72 single 50 55.600714285713806 4.24984429382671 1685.4745831901764 14080.681390907994 110 208 2363.51 21347.22 126.8267
3_79 mixed 50 68.6757142857138 5.03151138716356 1362.8025280299898 11554.34896393367 108 185 2363.51 21347.22 126.8267
3_79 single 50 132.95571428571378 5.363133640552995 2509.71204182674 15982.92321376638 108 185 2363.51 21347.22 126.8267
3_87 mixed 50 67.6057142857138 5.007276338358765 1366.6338002011096 9921.450229883374 110 198 2363.51 21347.22 126.8267
3_87 single 50 102.1707142857138 4.606639650159125 2194.098696413215 19746.888267718932 111 198 2363.51 21347.22 126.8267
3_9 mixed 50 102.4557142857138 4.61366470895032 2225.94816504799 19442.346747683485 109 200 2363.51 21347.22 126.8267
3_9 single 50 42.90571428571379 4.68173076923077 880.628955275507 7351.9326324168815 113.5 200 2363.51 21347.22 126.8267
3_95 mixed 50 74.23071428571379 4.6353733086063595 1601.963927686028 15595.44354155758 108 210 2363.51 21347.22 126.8267
3_95 single 50 96.47571428571379 NA NA NA 111.5 210 2363.51 21347.22 126.8267
45_3_2 mixed 0 69.7157142857138 4.07449031600408 1775.18553532277 11180.02613880949 102.5 NA 2363.51 21347.22 126.8267
45_3_2 single 0 29.855714285713802 4.7768115942029 625.013436199712 5625.120925797408 131 NA 2363.51 21347.22 126.8267
46_4_3 mixed 0 57.6557142857138 4.5316666666666645 1271.712336187745 12060.062708689275 96 NA 2363.51 21347.22 126.8267
46_4_3 single 0 44.5057142857138 4.298338870431895 1034.38480202824 6654.718075516235 94 NA 2363.51 21347.22 126.8267
47_4 mixed 0 76.54071428571379 4.92173913043478 1524.888185305115 15248.881853051149 106.5 NA 2363.51 21347.22 126.8267
47_4 single 0 103.3057142857138 5.07676173760421 2037.156135710375 17609.92311841373 120.5 NA 2363.51 21347.22 126.8267
48_5 mixed 0 46.6557142857138 4.602650608493665 990.7420444233915 7758.64712682936 103.5 "NA" 2363.51 21347.22 126.8267
48_5 single 0 82.4557142857138 4.24786819959612 1836.8552614247997 18002.617531545566 105.5 "NA" 2363.51 21347.22 126.8267
49_4 mixed 0 38.7557142857138 4.63540669856459 836.080128583215 7524.721157248935 101 NA 2363.51 21347.22 126.8267
49_4 single 0 76.6057142857138 4.533470446213005 1688.51919853661 8146.75111689973 112.5 NA 2363.51 21347.22 126.8267
50_3 mixed 0 35.7557142857138 5.364287992709045 666.8242593363785 6314.841628043804 105 "NA" 2363.51 21347.22 126.8267
50_3 single 0 46.50571428571381 5.274011502516175 856.161678415427 4122.116450487305 115 "NA" 2363.51 21347.22 126.8267
51_5_3 mixed 0 57.00571428571379 4.68173076923077 1199.4300995560575 9478.83009744741 80 NA 2363.51 21347.22 126.8267
51_5_3 single 0 54.555714285713805 5.337924528301885 1024.1458240099564 7542.0158657949905 83.5 NA 2363.51 21347.22 126.8267
52_5_1 mixed 0 31.5557142857138 4.923108715184185 642.4062735825535 5084.057028876978 104 "NA" 2363.51 21347.22 126.8267
52_5_1 single 0 93.4057142857138 5.065767690253675 1853.365674548315 17944.26575549428 105 "NA" 2363.51 21347.22 126.8267
53_5 mixed 0 41.3307142857138 4.51346153846154 912.138872666207 8609.271232265475 92.5 NA 2363.51 21347.22 126.8267
53_5 single 0 87.1557142857138 4.78104265402844 1830.53377389759 14899.500180491708 97 NA 2363.51 21347.22 126.8267
54_5 mixed 0 63.19571428571379 4.495423287798535 1379.675447584304 13796.75447584304 103.5 "NA" 2363.51 21347.22 126.8267
54_5 single 0 51.0057142857138 4.249038461538465 1187.0619021454315 11384.302143351728 107.5 "NA" 2363.51 21347.22 126.8267
55_5_3 mixed 0 62.855714285713795 4.67037037037037 1345.8400362524 10766.7202900192 105 NA 2363.51 21347.22 126.8267
55_5_3 single 0 51.6557142857138 4.356915393152905 1176.816644626943 11016.572956324915 102.5 NA 2363.51 21347.22 126.8267
56_5 mixed 0 32.7557142857138 4.53073170731707 722.967423403459 7229.67423403459 105 "NA" 2363.51 21347.22 126.8267
56_5 single 0 26.3057142857138 2.831445050523115 931.5736723959515 6231.223606554831 131 "NA" 2363.51 21347.22 126.8267
57_4_2 mixed 0 107.9407142857138 4.72850241545894 2285.472381148985 22854.72381148985 96 NA 2363.51 21347.22 126.8267
57_4_2 single 0 78.8057142857138 4.488233486943165 1745.82604157358 14699.756439982999 97.5 NA 2363.51 21347.22 126.8267
58_3_3 mixed 0 53.570714285713805 4.47275456123071 1164.454475638696 11273.393887934024 100 NA 2363.51 21347.22 126.8267
58_3_3 single 0 25.1857142857138 4.13905027107989 608.4527258139965 5170.128212661553 101.5 NA 2363.51 21347.22 126.8267
59_5_1 mixed 0 55.0907142857138 4.20799212044463 1300.745993499325 10524.149295457486 102 NA 2363.51 21347.22 126.8267
59_5_1 single 0 16.5057142857138 3.93281942229311 390.7395410864995 3907.395410864995 119.5 NA 2363.51 21347.22 126.8267
60_4 mixed 0 45.3757142857138 3.5191556154790398 1306.8320048732855 12140.454500410384 99.5 "NA" 2363.51 21347.22 126.8267
60_4 single 0 46.175714285713795 3.2958078414476555 1548.219840812156 15482.19840812156 98 "NA" 2363.51 21347.22 126.8267
61_5_3 mixed 0 62.5057142857138 5.218021968287715 1201.447304701899 11570.541538770362 105 NA 2363.51 21347.22 126.8267
61_5_3 single 0 56.0957142857138 5.26840280824923 982.811142497172 6879.677997480204 116 NA 2363.51 21347.22 126.8267
62_5 mixed 0 41.61571428571381 3.8667260787992497 1093.172971103196 8833.448174859825 92.5 NA 2363.51 21347.22 126.8267
62_5 single 0 54.6057142857138 3.74267681370762 1471.044625736195 14710.446257361951 85.5 NA 2363.51 21347.22 126.8267
63_4 mixed 0 95.6707142857138 4.472203516647965 2135.0508235573598 20302.23570401763 105 "NA" 2363.51 21347.22 126.8267
63_4 single 0 104.9557142857138 4.567167733962475 2293.633015077765 21274.77999556432 110 "NA" 2363.51 21347.22 126.8267
64_5_1 mixed 0 42.2157142857138 4.37787234042553 964.297517218385 9642.97517218385 105 NA 2363.51 21347.22 126.8267
64_5_1 single 0 69.5057142857138 5.513167701863355 1266.0384594593775 8862.269216215642 107.5 NA 2363.51 21347.22 126.8267
65_2 mixed 0 87.17571428571381 4.458927323549965 1945.14445476128 18586.836673988822 103 "NA" 2363.51 21347.22 126.8267
65_2 single 0 107.9557142857138 4.35578007518797 2489.90139971359 23412.220326697432 101.5 "NA" 2363.51 21347.22 126.8267
66_5 mixed 0 54.25571428571381 4.557756255044395 1194.4831773022001 8080.305556625681 97.5 "NA" 2363.51 21347.22 126.8267
66_5 single 0 29.7557142857138 3.803644995172195 782.0973671921961 7038.876304729764 99.5 "NA" 2363.51 21347.22 126.8267
67_3_3 mixed 0 25.3757142857138 4.35193395365809 563.442609841811 2722.5585329938804 105 NA 2363.51 21347.22 126.8267
67_3_3 single 0 22.605714285713802 4.3653811804822595 520.0112067948455 3881.0204081631873 122 NA 2363.51 21347.22 126.8267
68_3_1 mixed 0 42.1557142857138 4.715881184543155 871.528325416911 8715.28325416911 102 "NA" 2363.51 21347.22 126.8267
68_3_1 single 0 67.9457142857138 4.922488038277515 1384.402505802765 10461.9163447419 105 "NA" 2363.51 21347.22 126.8267
69_5_1 mixed 0 84.1557142857138 4.2773198329763495 2074.750452296953 20747.504522969528 103.5 NA 2363.51 21347.22 126.8267
69_5_1 single 0 61.555714285713805 4.636583776984075 1349.0171011497976 9745.593752022796 131 NA 2363.51 21347.22 126.8267
7_10 mixed 58 63.270714285713794 4.327827024998825 1438.836905244268 14388.36905244268 105 203 2363.51 21347.22 126.8267
7_10 single 58 51.6557142857138 5.059812267059314 990.0532921236536 7587.1500591394815 114.5 203 2363.51 21347.22 126.8267
7_100 mixed 58 73.07071428571379 5.3396549344375455 1389.50350672876 8516.83138492028 106 185 2363.51 21347.22 126.8267
7_100 single 58 80.2557142857138 5.42692307692308 1478.84377847524 14788.437784752401 108 185 2363.51 21347.22 126.8267
7_102 mixed 58 71.0557142857138 5.1278859107167705 1383.3836045652401 11796.012496645775 105 203 2363.51 21347.22 126.8267
7_102 single 58 111.4557142857138 4.5839394914708755 2358.000536656195 21783.70365668882 109 203 2363.51 21347.22 126.8267
7_105 mixed 58 101.5307142857138 4.80560595065312 2100.61621576272 20110.493408721843 105 211 2363.51 21347.22 126.8267
7_105 single 58 55.9057142857138 5.020473017835474 1114.61743417659 9507.673305238153 107.5 211 2363.51 21347.22 126.8267
7_11 mixed 58 33.2207142857138 4.585782300224045 754.8794394116085 5670.725422827059 108 59 2363.51 21347.22 126.8267
7_11 single 58 49.79571428571381 4.84927536231884 1006.295516804175 8839.27179917182 112.5 59 2363.51 21347.22 126.8267
7_115 mixed 58 97.1007142857138 5.32062755030252 1828.46806875116 14832.655247198501 110 162 2363.51 21347.22 126.8267
7_115 single 58 98.1857142857138 4.763362688713155 2068.5117737083347 18535.07866977685 109 162 2363.51 21347.22 126.8267
7_118 mixed 58 101.13571428571379 4.83887623040467 2088.73286521363 19755.667701791936 103.5 212 2363.51 21347.22 126.8267
7_118 single 58 54.155714285713806 4.85283018867925 1115.96145301043 8927.69162408344 108 212 2363.51 21347.22 126.8267
7_119 mixed 58 86.8107142857138 5.15222353776936 1684.0401370762752 13722.56738362101 105 213 2363.51 21347.22 126.8267
7_119 single 58 65.55571428571379 5.438484162895925 1202.40671381446 10901.62145744764 105 213 2363.51 21347.22 126.8267
7_12 mixed 58 65.6257142857138 4.91051251380199 1342.020592432005 9245.814497447975 105 214 2363.51 21347.22 126.8267
7_12 single 58 74.1557142857138 5.09126213592233 1456.7002977971351 14567.002977971351 108 214 2363.51 21347.22 126.8267
7_126 mixed 58 55.305714285713805 4.435909037351244 1246.764386896845 8769.00123189606 105.5 154 2363.51 21347.22 126.8267
7_126 single 58 64.8057142857138 4.83705909943715 1341.47527032438 10497.74794038553 116 154 2363.51 21347.22 126.8267
7_131 mixed 58 92.1907142857138 5.3049502256286996 1733.813734592545 12781.560653287774 107.5 215 2363.51 21347.22 126.8267
7_131 single 58 58.2357142857138 5.457278911564625 1065.650566143605 10114.027554680426 110 215 2363.51 21347.22 126.8267
7_14 mixed 58 80.1057142857138 5.18672749527095 1543.55518148171 11533.057020798351 106.5 218 2363.51 21347.22 126.8267
7_14 single 58 84.4507142857138 5.241908212560386 1611.70732400075 14615.89003964623 104 218 2363.51 21347.22 126.8267
7_141 mixed 58 65.9657142857138 4.094104924068111 1618.27073440383 13508.88228230501 102 216 2363.51 21347.22 126.8267
7_141 single 58 82.9507142857138 5.31398057860416 1564.7959080782998 12317.26624642035 102 216 2363.51 21347.22 126.8267
7_149 mixed 58 73.1307142857138 4.5292243321532 1566.509994587672 13877.08020026467 109 217 2363.51 21347.22 126.8267
7_149 single 58 85.3057142857138 5.6638250428816495 1502.572133589645 14372.386952261764 108 217 2363.51 21347.22 126.8267
7_152 mixed 58 95.8057142857138 4.885375920454015 1962.2914873752852 20653.518240650264 106.5 121 2363.51 21347.22 126.8267
7_152 single 58 86.38071428571381 5.557935910937265 1553.469483399615 13981.225350596535 110 121 2363.51 21347.22 126.8267
7_158 mixed 58 50.0257142857138 4.762424677187945 1025.5365387633774 10255.365387633774 102 219 2363.51 21347.22 126.8267
7_158 single 58 78.72571428571379 4.694718821818865 1606.6463235176202 16066.463235176201 101.5 219 2363.51 21347.22 126.8267
7_163 mixed 58 107.4557142857138 4.35694644216939 2537.748676370025 22306.143452185242 105.5 NA 2363.51 21347.22 126.8267
7_163 single 58 82.2507142857138 NA NA NA 109 NA 2363.51 21347.22 126.8267
7_165 mixed 58 95.22571428571379 4.27552286423254 2137.3144643106302 18871.52229719825 104.5 221 2363.51 21347.22 126.8267
7_165 single 58 36.2757142857138 4.53168201734776 807.8478553322129 7650.690737157094 101 221 2363.51 21347.22 126.8267
7_167 mixed 58 66.7057142857138 4.684042598691245 1361.39114875824 12835.0173957973 101 222 2363.51 21347.22 126.8267
7_167 single 58 76.5307142857138 4.5375000000000005 1629.7352607728349 11408.146825409845 99.5 222 2363.51 21347.22 126.8267
7_170 mixed 58 66.7307142857138 4.90903149419844 1360.3439022317784 9457.554732638428 105 NA 2363.51 21347.22 126.8267
7_170 single 58 45.5057142857138 5.11856819715068 887.033031079179 7935.116289449748 107.5 NA 2363.51 21347.22 126.8267
7_173 mixed 58 58.2307142857138 4.65899064918796 1260.140051327965 8988.12108368447 105.5 224 2363.51 21347.22 126.8267
7_173 single 58 174.8557142857138 5.33398058252427 3278.14680950647 32781.4680950647 103 224 2363.51 21347.22 126.8267
7_174 mixed 58 83.3607142857138 4.94551195946742 1684.481426972955 12300.530229448455 106.5 225 2363.51 21347.22 126.8267
7_174 single 58 108.30571428571379 5.372464642980335 2024.1747801290699 16835.20087978774 108 225 2363.51 21347.22 126.8267
7_176 mixed 58 50.6857142857138 4.786961875444 1080.462825057308 8002.0540222993 103.5 219 2363.51 21347.22 126.8267
7_176 single 58 78.7357142857138 5.75958974358974 1371.353836285025 11459.58996820579 103 219 2363.51 21347.22 126.8267
7_177 mixed 58 122.40571428571378 4.87219512195122 2513.79591172498 20139.6115692754 106.5 226 2363.51 21347.22 126.8267
7_177 single 58 61.72071428571381 4.03545354407357 1693.6046513553 14089.009113934144 116 226 2363.51 21347.22 126.8267
7_18 mixed 58 96.30571428571379 4.97191270860077 1959.50107320753 15566.078969138176 105 NA 2363.51 21347.22 126.8267
7_18 single 58 74.9207142857138 4.95187132043734 1517.8320970352845 14141.515310259521 106.5 NA 2363.51 21347.22 126.8267
7_181 mixed 58 52.0207142857138 4.32310288237062 1205.09862568908 10845.88763120172 108 NA 2363.51 21347.22 126.8267
7_181 single 58 85.7057142857138 5.625525210084035 1533.90081074631 8057.08902393021 110 NA 2363.51 21347.22 126.8267
7_184 mixed 58 63.6557142857138 5.225275870234435 1217.330843710432 12173.30843710432 101.5 222 2363.51 21347.22 126.8267
7_184 single 58 65.4557142857138 5.4963186813186855 1193.8938385155805 10508.003890876174 101 222 2363.51 21347.22 126.8267
7_187 mixed 58 61.540714285713804 4.37615552561899 1341.385939368123 11116.959894943546 105 229 2363.51 21347.22 126.8267
7_187 single 58 92.5057142857138 5.07777625882889 1821.22771654394 15124.884762744801 109 229 2363.51 21347.22 126.8267
7_190 mixed 58 83.9557142857138 4.910972580051525 1727.103107854395 12320.812316957039 106 121 2363.51 21347.22 126.8267
7_190 single 58 92.11571428571379 5.12926506368971 1832.128990055075 12963.637272161151 110 121 2363.51 21347.22 126.8267
7_198 mixed 58 83.05571428571379 5.240634739475875 1584.2581720942849 13557.15803627895 108 231 2363.51 21347.22 126.8267
7_198 single 58 82.9557142857138 6.110312015028995 1347.671088820235 10906.174847118495 110 231 2363.51 21347.22 126.8267
7_20 mixed 58 66.11571428571379 4.30571133221346 1585.9926899729498 6064.01641536412 112.5 235 2363.51 21347.22 126.8267
7_20 single 58 93.3307142857138 4.547326454033775 2043.355600365785 18893.8070187926 108 235 2363.51 21347.22 126.8267
7_207 mixed 58 89.8457142857138 5.13921998350418 1757.33431609654 14148.579003833049 106.5 234 2363.51 21347.22 126.8267
7_207 single 58 61.0257142857138 4.5450903119868595 1440.56973690196 13521.868122608124 112.5 234 2363.51 21347.22 126.8267
7_211 mixed 58 63.1707142857138 4.0038647342995155 1402.0319884156165 12618.287895740548 104.5 121 2363.51 21347.22 126.8267
7_211 single 58 64.6557142857138 5.85271966527197 1104.71230442419 11047.1230442419 110 121 2363.51 21347.22 126.8267
7_214 mixed 58 54.7157142857138 5.319273470525385 1026.1926476653844 9557.142588304085 101.5 221 2363.51 21347.22 126.8267
7_214 single 58 83.8557142857138 5.34262272665117 1562.1411306855598 14059.27017617004 103.5 221 2363.51 21347.22 126.8267
7_219 mixed 58 73.0557142857138 4.3857351198614545 1665.21855352885 12683.648414022491 101.5 221 2363.51 21347.22 126.8267
7_219 single 58 59.3407142857138 4.51101680310211 1178.1338055644585 11781.338055644585 105.5 221 2363.51 21347.22 126.8267
7_31 mixed 58 102.35571428571379 4.94666666666667 2069.1855987678 4138.3711975356 112 113 2363.51 21347.22 126.8267
7_31 single 58 92.5057142857138 4.6903623016812706 1974.07158756453 16709.720082149717 112 113 2363.51 21347.22 126.8267
7_34 mixed 58 13.7507142857138 4.017099516272955 345.39216138736947 3344.8493652869192 105 236 2363.51 21347.22 126.8267
7_34 single 58 60.915714285713804 5.087920673076924 1187.0331358161054 11870.331358161055 105 236 2363.51 21347.22 126.8267
7_38 mixed 58 113.9557142857138 5.11609756097561 2227.39525444044 22273.952544404397 103.5 NA 2363.51 21347.22 126.8267
7_38 single 58 90.58571428571379 5.43787027095307 1709.0449816942835 11883.493458295456 104.5 NA 2363.51 21347.22 126.8267
7_40 mixed 58 100.52571428571379 4.578420441347269 2152.714668692245 17221.71734953796 109 59 2363.51 21347.22 126.8267
7_40 single 58 92.55571428571379 5.691346153846155 1632.99297206353 15353.86877088433 109 59 2363.51 21347.22 126.8267
7_44 mixed 58 63.395714285713794 4.52599033816425 1419.1232784154122 13004.43299871971 102.5 238 2363.51 21347.22 126.8267
7_44 single 58 40.8457142857138 3.57350675023025 1149.6699595078876 11035.152750274363 102.5 238 2363.51 21347.22 126.8267
7_5 mixed 58 78.53571428571381 4.888758011432531 1602.5291379857802 11727.97982271512 109 107 2363.51 21347.22 126.8267
7_5 single 58 51.440714285713796 5.667789921655865 904.0679067741075 5030.812837748956 110 107 2363.51 21347.22 126.8267
7_51 mixed 58 43.3407142857138 4.221838711504695 1032.808584454211 8738.095798823384 105 228 2363.51 21347.22 126.8267
7_51 single 58 83.3957142857138 5.063765027542114 1651.1496265144801 13958.813576533015 109 228 2363.51 21347.22 126.8267
7_53 mixed 58 59.8007142857138 4.4243180117462995 1308.1585952885289 12741.02162770771 108 239 2363.51 21347.22 126.8267
7_53 single 58 92.6057142857138 5.370952757002835 1780.9968378778199 14798.336612551131 108 239 2363.51 21347.22 126.8267
7_58 mixed 58 78.01571428571378 28.38018691588785 496.91464327676454 3828.313695417403 103.5 NA 2363.51 21347.22 126.8267
7_58 single 58 78.71071428571379 4.60457711442786 1717.3389833298552 13939.20910213545 101 NA 2363.51 21347.22 126.8267
7_65 mixed 58 81.0057142857138 4.9340626161278305 1642.2588728646501 12486.2228516192 105 241 2363.51 21347.22 126.8267
7_65 single 58 58.5207142857138 5.411984448951995 1078.1672871517176 8810.896274142455 112.5 241 2363.51 21347.22 126.8267
7_67 mixed 58 106.9057142857138 5.0789644012945 2106.136060259335 20269.26119646935 105 188 2363.51 21347.22 126.8267
7_67 single 58 109.31071428571379 5.38579842498842 2009.05678414673 14880.88150364797 107.5 188 2363.51 21347.22 126.8267
7_69 mixed 58 49.2307142857138 4.040937522608765 1272.7361293613437 10024.519624278277 99 232 2363.51 21347.22 126.8267
7_69 single 58 57.3482142857138 4.78031733137236 1234.5757852435527 8037.003949279681 100.25 232 2363.51 21347.22 126.8267
7_7 mixed 58 94.1057142857138 5.09114645929068 1847.967549146535 18479.67549146535 106.5 243 2363.51 21347.22 126.8267
7_7 single 58 66.70571428571381 5.327563569116965 1214.262145050453 10928.359305454078 106.5 243 2363.51 21347.22 126.8267
7_74 mixed 58 101.3907142857138 4.64133080748283 2183.657484683075 18082.02774974573 105 NA 2363.51 21347.22 126.8267
7_74 single 58 99.9057142857138 5.660853987618765 1766.239615283835 15896.156537554514 108 NA 2363.51 21347.22 126.8267
7_81 mixed 58 106.10571428571379 5.008013640238705 2123.9367714813 18223.008379911393 106.5 107 2363.51 21347.22 126.8267
7_81 single 58 91.80571428571379 5.92118729866544 1523.684821041949 15236.848210419492 112.5 107 2363.51 21347.22 126.8267
7_84 mixed 58 52.9957142857138 5.311219512195125 991.7171454874924 4074.5170807241125 106.5 244 2363.51 21347.22 126.8267
7_84 single 58 76.04571428571381 4.594102491935304 1651.4647453022649 13246.47056047079 106.5 244 2363.51 21347.22 126.8267
7_86 mixed 58 78.7557142857138 5.23461538461538 1504.51768657499 9027.10611944994 110 203 2363.51 21347.22 126.8267
7_86 single 58 92.45571428571381 5.52815533980583 1672.45145265692 16724.5145265692 110 203 2363.51 21347.22 126.8267
7_87 mixed 58 44.805714285713805 4.767786183011305 940.0102265575736 9852.584673036112 103.5 245 2363.51 21347.22 126.8267
7_87 single 58 119.11571428571379 4.0941173957621295 2572.44185129403 25724.418512940298 108 245 2363.51 21347.22 126.8267
7_93 mixed 58 68.1257142857138 5.2960468249175445 1278.5608463210215 11984.088965991792 106 185 2363.51 21347.22 126.8267
7_93 single 58 84.1557142857138 5.93409961685824 1418.17157984061 2836.34315968122 108 185 2363.51 21347.22 126.8267
7_94 mixed 58 71.84071428571379 5.2406315216405055 1362.778245263305 12897.620014968048 106.5 233 2363.51 21347.22 126.8267
7_94 single 58 74.3907142857138 5.096852712464915 1368.226423132918 11104.003768399652 111 233 2363.51 21347.22 126.8267
7_95 mixed 58 55.205714285713796 5.536326473730664 997.5016450572389 2140.681350664011 106.5 59 2363.51 21347.22 126.8267
7_95 single 58 60.2557142857138 80.5052631578945 67.55295747476245 625.1939836146206 108.5 59 2363.51 21347.22 126.8267
7_96 mixed 58 60.7007142857138 5.55851582627898 1079.0640124024255 10790.640124024256 110 187 2363.51 21347.22 126.8267
7_96 single 58 109.94571428571379 5.95077553862221 1857.82423739445 15622.1813791957 112 187 2363.51 21347.22 126.8267
7_97 mixed 58 64.0957142857138 5.18697722180732 1239.41378087714 7553.666356541984 107.5 107 2363.51 21347.22 126.8267
7_97 single 58 94.6307142857138 6.137929415781165 1542.80198980876 8991.968916070091 111 107 2363.51 21347.22 126.8267
7_98 mixed 58 94.4707142857138 5.111686113832725 1845.59897269638 18455.989726963802 101.5 246 2363.51 21347.22 126.8267
7_98 single 58 81.3857142857138 5.5491621789353545 1462.64676901281 10980.702108651794 101.5 246 2363.51 21347.22 126.8267
70_4_1 mixed 0 49.6557142857138 4.8581206804891 1022.17538727274 9199.57848545466 107.5 "NA" 2363.51 21347.22 126.8267
70_4_1 single 0 19.6157142857138 4.50557170325985 424.4426610255465 2830.409750142173 131 "NA" 2363.51 21347.22 126.8267
71_5 mixed 0 63.1207142857138 5.272670137423195 1197.52433872152 10260.3946021832 105.5 "NA" 2363.51 21347.22 126.8267
71_5 single 0 55.0057142857138 6.077679149329635 912.9180287333286 7194.059909573265 105.5 "NA" 2363.51 21347.22 126.8267
72_7_1 mixed 0 78.89571428571381 4.745499664654595 1660.7294979889948 10065.860470393754 103 NA 2363.51 21347.22 126.8267
72_7_1 single 0 19.4557142857138 2.67954222814336 722.0647057181725 5054.452940027208 131 NA 2363.51 21347.22 126.8267
