Genotypes Condition Generation "Brown Bag Weight" "100 seed weight" Fecundity Fitness FT_DAYS Pedigree Haplotype Atlas_Avg_Fec Atlas_Avg_Fitness Atlas_Avg_Total_Weight Numbers Exp_Fec_Per_Plant Exp_Fit_Per_Plant Exp_TW_Per_Plant
1_6 mixed 18 110.35999999999999 5.289999999999999 2090.764477170674 20066.36220657648 112 UCRKL000001_6 70 2363.51 21347.22 126.8267 1 222.71372385853374 2070.679110328824 11.859334999999998
1_6 single 18 125.135 5.789999999999999 2195.49550340749 19584.523802683394 113.5 UCRKL000001_6 70 2363.51 21347.22 126.8267 0 219.54955034074902 1958.4523802683393 12.5135
7_5 mixed 58 95.11 4.64 1850.72835714732 15510.38107184567 117.5 UCRKL000007_5 107 2363.51 21347.22 126.8267 1 210.71191785736602 1842.8800535922833 11.096835
7_5 single 58 98.81 5.014999999999999 1928.3105935078763 18360.661045299203 124 UCRKL000007_5 107 2363.51 21347.22 126.8267 0 192.83105935078763 1836.0661045299203 9.881
7_69 mixed 58 124.16 4.914999999999999 2511.197790945792 23165.58735311809 110.5 UCRKL000007_69 232 2363.51 21347.22 126.8267 1 243.7353895472896 2225.640367655905 12.549335
7_69 single 58 95.73500000000001 4.9399999999999995 1923.0391030253543 12021.580597042259 111.75 UCRKL000007_69 232 2363.51 21347.22 126.8267 0 192.30391030253543 1202.158059704226 9.573500000000001
1_100 mixed 18 109.46 5.039999999999999 2075.7254244176083 20757.254244176085 113.5 UCRKL000001_100 30 2363.51 21347.22 126.8267 1 221.96177122088042 2105.2237122088045 11.814335
1_100 single 18 92.56 4.34 2149.0110496944208 18918.12872017883 114.5 UCRKL000001_100 30 2363.51 21347.22 126.8267 0 214.9011049694421 1891.812872017883 9.256
1_103 mixed 18 121.16 4.84 2497.147687539224 23424.851108521078 108.5 UCRKL000001_103 32 2363.51 21347.22 126.8267 1 243.0328843769612 2238.603555426054 12.399334999999999
1_103 single 18 133.96 4.39 3050.7805483306593 18243.215433415877 106.5 UCRKL000001_103 32 2363.51 21347.22 126.8267 0 305.07805483306595 1824.3215433415876 13.396
1_104 mixed 18 131.95999999999998 5.489999999999999 2403.6429872495446 24036.42987249545 114 UCRKL000001_104 33 2363.51 21347.22 126.8267 1 238.35764936247725 2269.1824936247726 12.939335
1_104 single 18 132.45999999999998 4.6899999999999995 2824.3070362473345 28243.070362473343 112 UCRKL000001_104 33 2363.51 21347.22 126.8267 0 282.43070362473344 2824.3070362473345 13.245999999999999
1_105_1 mixed 18 58.91 5.59 1054.2315313671447 10542.315313671448 114 NA NA 2363.51 21347.22 126.8267 1 170.88707656835726 1594.4767656835725 9.286835
1_105_1 single 18 106.41 4.289999999999999 2475.3272069061545 23552.018936229462 114.5 NA NA 2363.51 21347.22 126.8267 0 247.53272069061546 2355.201893622946 10.641
1_107 mixed 18 162.06 5.1899999999999995 3122.543352601156 31225.433526011562 121 UCRKL000001_107 35 2363.51 21347.22 126.8267 1 274.30266763005784 2628.632676300578 14.444335
1_107 single 18 64.86 4.789999999999999 1351.216747114559 11553.701257080069 118.5 UCRKL000001_107 35 2363.51 21347.22 126.8267 0 135.1216747114559 1155.370125708007 6.486
1_110 mixed 18 84.06 4.79 1754.9060542797497 17008.768267223382 110.5 UCRKL000001_110 32 2363.51 21347.22 126.8267 1 205.92080271398748 1917.799413361169 10.544335
1_110 single 18 93.16 4.49 2078.840303522067 18889.49235983941 108 UCRKL000001_110 32 2363.51 21347.22 126.8267 0 207.8840303522067 1888.949235983941 9.315999999999999
1_112_2 mixed 18 92.01 4.9399999999999995 1862.794107350985 17694.825605100265 111 NA NA 2363.51 21347.22 126.8267 1 211.31520536754925 1952.1022802550135 10.941835000000001
1_112_2 single 18 58.61 4.539999999999999 1297.8075777960184 11473.292178871345 111 NA NA 2363.51 21347.22 126.8267 0 129.78075777960186 1147.3292178871345 5.861
1_113 mixed 18 115.66 4.789999999999999 2463.5223686693794 15487.615486238214 112 UCRKL000001_113 39 2363.51 21347.22 126.8267 1 241.35161843346896 1841.7417743119106 12.124334999999999
1_113 single 18 105.16 3.9899999999999993 2635.5889724310787 26355.889724310782 112 UCRKL000001_113 39 2363.51 21347.22 126.8267 0 263.5588972431079 2635.588972431078 10.516
1_114_2 mixed 18 75.51 5.14 1476.7110781108531 14767.110781108531 116 NA NA 2363.51 21347.22 126.8267 1 192.01105390554267 1805.7165390554267 10.116835
1_114_2 single 18 36.06 4.539999999999999 786.8357528983784 6856.41723047632 118 NA NA 2363.51 21347.22 126.8267 0 78.68357528983783 685.641723047632 3.6060000000000003
1_116 mixed 18 88.01 4.79 1850.8903195103574 18508.903195103576 114.5 UCRKL000001_116 41 2363.51 21347.22 126.8267 1 210.7200159755179 1992.8061597551787 10.741835
1_116 single 18 101.31 3.8899999999999997 2559.2231137939516 21059.191868156704 117 UCRKL000001_116 41 2363.51 21347.22 126.8267 0 255.92231137939515 2105.9191868156704 10.131
1_118 mixed 18 104.16 4.99 2088.9634394069217 14543.468449443086 115.5 NA NA 2363.51 21347.22 126.8267 1 222.6236719703461 1794.5344224721543 11.549335
1_118 single 18 57.71000000000001 4.39 1314.5785876993168 12622.323462414583 115 NA NA 2363.51 21347.22 126.8267 0 131.45785876993168 1262.2323462414583 5.771000000000001
1_120 mixed 18 134.76 4.9399999999999995 2728.378638667929 25941.501817541015 112 UCRKL000001_120 45 2363.51 21347.22 126.8267 1 254.5944319333965 2364.436090877051 13.079335
1_120 single 18 77.56 4.39 1755.9621674180148 12528.365597100681 111.5 UCRKL000001_120 45 2363.51 21347.22 126.8267 0 175.59621674180147 1252.836559710068 7.756
1_124 mixed 18 72.81 4.039999999999999 1777.3776304536464 12873.99416946021 115 UCRKL000001_124 47 2363.51 21347.22 126.8267 1 207.0443815226823 1711.0607084730104 9.981835
1_124 single 18 73.81 3.8399999999999994 1961.0951166305372 12445.335120460099 112 UCRKL000001_124 47 2363.51 21347.22 126.8267 0 196.10951166305372 1244.53351204601 7.381
1_126 mixed 18 109.00999999999999 5.289999999999999 2067.8887493245447 16161.79515532796 116 UCRKL000001_126 42 2363.51 21347.22 126.8267 1 221.56993746622726 1875.4507577663978 11.791835
1_126 single 18 128.01 5.739999999999999 2233.326128373851 12173.541844860752 124 UCRKL000001_126 42 2363.51 21347.22 126.8267 0 223.3326128373851 1217.3541844860752 12.800999999999998
1_128 mixed 18 112.60999999999999 5.1899999999999995 2169.7495183044316 21697.495183044313 110 UCRKL000001_128 50 2363.51 21347.22 126.8267 1 226.6629759152216 2152.235759152216 11.971834999999999
1_128 single 18 97.00999999999999 4.74 2081.5949340311154 20815.949340311156 112 UCRKL000001_128 50 2363.51 21347.22 126.8267 0 208.15949340311153 2081.5949340311154 9.700999999999999
1_130 mixed 18 92.66 5.24 1775.3499345076705 15049.54815795943 112 UCRKL000001_130 51 2363.51 21347.22 126.8267 1 206.94299672538355 1819.8384078979718 10.974335
1_130 single 18 107.76 4.49 2417.991958290466 23172.883335569906 113 UCRKL000001_130 51 2363.51 21347.22 126.8267 0 241.7991958290466 2317.2883335569904 10.776
1_131 mixed 18 61.31 4.89 1248.469552322586 10676.95091759837 117.5 UCRKL000001_131 52 2363.51 21347.22 126.8267 1 180.5989776161293 1601.2085458799186 9.406835000000001
1_131 single 18 151.85999999999999 4.739999999999999 3240.5184533878446 29860.89595672414 118 UCRKL000001_131 52 2363.51 21347.22 126.8267 0 324.05184533878446 2986.089595672414 15.185999999999998
1_133 mixed 18 99.66 4.489999999999999 2219.5991091314036 22195.99109131403 112 UCRKL000001_133 53 2363.51 21347.22 126.8267 1 229.1554554565702 2177.1605545657017 11.324335
1_133 single 18 84.25999999999999 4.9399999999999995 1722.4382821119639 15469.176534282706 117 UCRKL000001_133 53 2363.51 21347.22 126.8267 0 172.2438282111964 1546.9176534282706 8.425999999999998
1_134 mixed 18 113.56 5.6899999999999995 1992.9691868961663 19013.233908317656 113 UCRKL000001_134 54 2363.51 21347.22 126.8267 1 217.82395934480832 2018.022695415883 12.019335000000002
1_134 single 18 172.61 5.49 3127.052017749692 25177.67581255953 115 UCRKL000001_134 54 2363.51 21347.22 126.8267 0 312.70520177496917 2517.767581255953 17.261000000000003
1_135 mixed 18 116.21000000000001 4.4399999999999995 2642.5385072443896 23580.287033228207 115 UCRKL000001_135 55 2363.51 21347.22 126.8267 1 250.30242536221948 2246.37535166141 12.151835
1_135 single 18 65.41 4.89 1341.011459244167 11150.406868015783 121.5 UCRKL000001_135 55 2363.51 21347.22 126.8267 0 134.1011459244167 1115.0406868015784 6.5409999999999995
1_136 mixed 18 126.75999999999999 5.29 2396.219281663516 10215.87901701323 112 UCRKL000001_136 56 2363.51 21347.22 126.8267 1 237.9864640831758 1578.1549508506616 12.679335
1_136 single 18 116.00999999999999 4.99 2335.8829670174646 22099.128177637336 118.5 UCRKL000001_136 56 2363.51 21347.22 126.8267 0 233.58829670174646 2209.9128177637335 11.600999999999999
1_137 mixed 18 70.51 5.289999999999999 1370.1365836353043 9455.097179636623 115.5 NA NA 2363.51 21347.22 126.8267 1 186.68232918176523 1540.115858981831 9.866835
1_137 single 18 120.61000000000001 5.34 2291.9116018992654 19125.6327078596 111 NA NA 2363.51 21347.22 126.8267 0 229.19116018992653 1912.56327078596 12.061000000000002
1_14 mixed 18 160.91 4.59 3621.5147695829173 36215.14769582917 115.5 UCRKL000001_14 64 2363.51 21347.22 126.8267 1 299.25123847914585 2878.1183847914585 14.386835
1_14 single 18 111.36 4.4399999999999995 2506.5491017751424 23604.556823312756 115 UCRKL000001_14 64 2363.51 21347.22 126.8267 0 250.65491017751424 2360.4556823312755 11.136
1_147_1 mixed 18 93.16 5.09 1830.2554027504912 18302.554027504913 114 NA NA 2363.51 21347.22 126.8267 1 209.68827013752457 1982.4887013752457 10.999334999999999
1_147_1 single 18 66.46000000000001 4.99 1338.994613859156 13389.946138591562 114.5 NA NA 2363.51 21347.22 126.8267 0 133.8994613859156 1338.9946138591563 6.646000000000001
1_148 mixed 18 92.31 5.039999999999999 1833.6078837439122 17315.43755487399 114.5 UCRKL000001_148 62 2363.51 21347.22 126.8267 1 209.85589418719564 1933.1328777436997 10.956835000000002
1_148 single 18 105.81 4.6899999999999995 2244.4611318308603 22444.611318308605 120.5 UCRKL000001_148 62 2363.51 21347.22 126.8267 0 224.44611318308603 2244.4611318308607 10.581
1_156 mixed 18 134.31 5.09 2677.2275505352154 26772.275505352154 117.5 UCRKL000001_156 66 2363.51 21347.22 126.8267 1 252.03687752676078 2405.9747752676076 13.056835000000001
1_156 single 18 143.41 4.34 3265.5430390004885 22109.720336390616 114.5 UCRKL000001_156 66 2363.51 21347.22 126.8267 0 326.55430390004886 2210.9720336390615 14.341
1_157 mixed 18 97.76 4.6899999999999995 2053.8000828926815 13142.5526391299 114.5 UCRKL000001_157 67 2363.51 21347.22 126.8267 1 220.8655041446341 1724.488631956495 11.229335
1_157 single 18 141.81 4.6899999999999995 3012.7848959115076 20579.105889630264 119 UCRKL000001_157 67 2363.51 21347.22 126.8267 0 301.2784895911508 2057.9105889630264 14.181000000000001
1_158 mixed 18 115.25999999999999 5.039999999999999 2291.7363213657177 22917.363213657176 108.5 UCRKL000001_158 31 2363.51 21347.22 126.8267 1 232.76231606828588 2213.229160682859 12.104335
1_158 single 18 112.60999999999999 4.34 2574.4024110858923 25744.024110858925 107 UCRKL000001_158 31 2363.51 21347.22 126.8267 0 257.44024110858925 2574.4024110858927 11.261
1_16_2 mixed 18 124.50999999999999 4.89 2526.3006179373365 23710.605344300297 111.5 NA NA 2363.51 21347.22 126.8267 1 244.49053089686686 2252.891267215015 12.566835000000001
1_16_2 single 18 133.06 4.49 2949.8583133582465 27717.97311179597 110 NA NA 2363.51 21347.22 126.8267 0 294.9858313358246 2771.7973111795973 13.306000000000001
1_162_3 mixed 18 104.81 5.039999999999999 2111.032038324149 20281.37789715615 112.5 NA NA 2363.51 21347.22 126.8267 1 223.72710191620746 2081.429894857808 11.581835000000002
1_162_3 single 18 65.11000000000001 4.14 1644.2483751697928 15794.58796011476 113.5 NA NA 2363.51 21347.22 126.8267 0 164.42483751697927 1579.4587960114761 6.511000000000001
1_165_3 mixed 18 92.81 5.34 1740.2278251049518 16413.99847789262 114.5 NA NA 2363.51 21347.22 126.8267 1 205.18689125524762 1888.0609238946308 10.981835
1_165_3 single 18 71.11 4.99 1466.1264624023538 14661.264624023537 115.5 NA NA 2363.51 21347.22 126.8267 0 146.6126462402354 1466.1264624023538 7.111
1_169 mixed 18 167.66 5.039999999999999 3315.2410912197674 30922.94136406408 110 UCRKL000001_169 69 2363.51 21347.22 126.8267 1 283.93755456098836 2613.5080682032044 14.724335
1_169 single 18 144.41 5.04 2886.503072326957 25550.625712831155 112 UCRKL000001_169 69 2363.51 21347.22 126.8267 0 288.6503072326957 2555.0625712831156 14.440999999999999
1_17_2 mixed 18 124.75999999999999 5.34 2326.5247020535544 20938.72231848199 109 NA NA 2363.51 21347.22 126.8267 1 234.50173510267774 2114.2971159240997 12.579335
1_17_2 single 18 136.61 5.74 2375.1450139778 22287.201435114785 108.5 NA NA 2363.51 21347.22 126.8267 0 237.51450139777998 2228.7201435114785 13.661000000000001
1_172_2 mixed 18 116.315 4.89 2387.3419071964395 23318.777011224956 113 NA NA 2363.51 21347.22 126.8267 1 237.542595359822 2233.2998505612477 12.157085
1_172_2 single 18 152.86 4.89 3168.2399118636404 28480.238018439937 113 NA NA 2363.51 21347.22 126.8267 0 316.823991186364 2848.0238018439936 15.286000000000001
1_174 mixed 18 113.81 4.34 2612.131440326156 22350.949072720607 112 NA NA 2363.51 21347.22 126.8267 1 248.7820720163078 2184.9084536360306 12.031835000000001
1_174 single 18 60.46 4.489999999999999 1391.3310329933051 13913.310329933052 115 NA NA 2363.51 21347.22 126.8267 0 139.13310329933051 1391.3310329933051 6.046
1_177 mixed 18 122.66 4.59 2672.3311546840964 26723.311546840963 112 NA NA 2363.51 21347.22 126.8267 1 251.7920577342048 2403.5265773420483 12.474335
1_177 single 18 135.06 4.539999999999999 2984.7705824926784 21638.138626749107 113 NA NA 2363.51 21347.22 126.8267 0 298.4770582492678 2163.8138626749105 13.506
1_178 mixed 18 178.45999999999998 5.539999999999999 3232.8089184227774 17439.272753357614 116 UCRKL000001_178 73 2363.51 21347.22 126.8267 1 279.8159459211389 1939.3246376678806 15.264334999999999
1_178 single 18 131.66 4.49 2956.2149293492575 29562.149293492577 117 UCRKL000001_178 73 2363.51 21347.22 126.8267 0 295.62149293492575 2956.2149293492575 13.166
1_179_1 mixed 18 62.61 5.739999999999999 1102.9885875366049 9235.09400914092 115.5 NA NA 2363.51 21347.22 126.8267 1 173.32492937683026 1529.1157004570462 9.471835
1_179_1 single 18 58.959999999999994 5.4399999999999995 1084.3206234306936 10274.004007961852 115 NA NA 2363.51 21347.22 126.8267 0 108.43206234306936 1027.4004007961853 5.895999999999999
1_18 mixed 18 120.41 4.84 2493.5081180543993 17873.932143909216 110 NA NA 2363.51 21347.22 126.8267 1 242.85090590271997 1961.0576071954608 12.361835
1_18 single 18 74.96 4.6899999999999995 1584.1766615833412 15841.766615833412 121 NA NA 2363.51 21347.22 126.8267 0 158.41766615833413 1584.1766615833412 7.4959999999999996
1_187 mixed 18 129.31 4.789999999999999 2711.071722892985 23849.309979462898 110.5 UCRKL000001_187 76 2363.51 21347.22 126.8267 1 253.72908614464922 2259.8264989731447 12.806835000000001
1_187 single 18 74.41 4.54 1601.4516450842132 11670.06827549625 108.5 UCRKL000001_187 76 2363.51 21347.22 126.8267 0 160.14516450842132 1167.006827549625 7.441
1_189 mixed 18 119.11 4.99 2385.0603251895336 11543.342533778494 115.5 NA NA 2363.51 21347.22 126.8267 1 237.42851625947668 1644.5281266889247 12.296835
1_189 single 18 117.26 4.39 2641.2196787630137 18717.100838802842 113.5 NA NA 2363.51 21347.22 126.8267 0 264.12196787630137 1871.7100838802842 11.726
1_19 mixed 18 73.96000000000001 3.94 1899.587691788249 18995.87691788249 112 UCRKL000001_19 82 2363.51 21347.22 126.8267 1 213.15488458941246 2017.1548458941245 10.039335
1_19 single 18 56.21 4.84 1139.1570220271126 10668.448832987888 117 UCRKL000001_19 82 2363.51 21347.22 126.8267 0 113.91570220271126 1066.8448832987888 5.621
1_191 mixed 18 61.760000000000005 5.289999999999999 1138.6086786537844 9176.065464576222 113.5 UCRKL000001_191 79 2363.51 21347.22 126.8267 1 175.10593393268923 1526.1642732288112 9.429335
1_191 single 18 127.85999999999999 5.74 2278.244801706989 20952.088079667705 113.5 UCRKL000001_191 79 2363.51 21347.22 126.8267 0 227.8244801706989 2095.2088079667706 12.785999999999998
1_192_3 mixed 18 119.25999999999999 4.59 2570.7608948575607 25707.608948575606 113 NA NA 2363.51 21347.22 126.8267 1 246.71354474287804 2352.7414474287807 12.304335
1_192_3 single 18 100.06 3.9399999999999995 2551.600079891245 22018.314423591117 110 NA NA 2363.51 21347.22 126.8267 0 255.1600079891245 2201.831442359112 10.006
1_193_3 mixed 18 108.31 5.64 1955.9249663112118 16100.985890157193 115 NA NA 2363.51 21347.22 126.8267 1 215.97174831556057 1872.4102945078598 11.756835
1_193_3 single 18 80.31 5.1899999999999995 1550.034724672344 14793.730989634592 113 NA NA 2363.51 21347.22 126.8267 0 155.00347246723442 1479.3730989634591 8.031
1_195_3 mixed 18 115.46000000000001 4.49 2572.6194907221306 19370.568880551462 115.5 NA NA 2363.51 21347.22 126.8267 1 246.80647453610655 2035.8894440275733 12.114335
1_195_3 single 18 101.25999999999999 3.5899999999999994 2548.5250163519095 22205.126634156037 112 NA NA 2363.51 21347.22 126.8267 0 254.85250163519095 2220.5126634156036 10.126
1_2 mixed 18 120.41 4.99 2378.671992454686 21075.84572412042 110 UCRKL000001_2 87 2363.51 21347.22 126.8267 1 237.1090996227343 2121.1532862060208 12.361835
1_2 single 18 111.16 4.14 2638.4889706097642 26384.88970609764 109.5 UCRKL000001_2 87 2363.51 21347.22 126.8267 0 263.8488970609764 2638.4889706097642 11.116
1_200 mixed 18 89.00999999999999 4.84 1852.1553218536926 17722.339073153824 113 UCRKL000001_200 83 2363.51 21347.22 126.8267 1 210.78326609268464 1953.4779536576912 10.791835
1_200 single 18 87.26 4.539999999999999 1909.4831731353001 16040.78565843092 114.5 UCRKL000001_200 83 2363.51 21347.22 126.8267 0 190.94831731353003 1604.0785658430918 8.726
1_203 mixed 18 107.25999999999999 4.9399999999999995 2153.2075378680506 20633.78113561014 115 NA NA 2363.51 21347.22 126.8267 1 225.83587689340257 2099.0500567805075 11.704335
1_203 single 18 78.81 3.9899999999999993 1906.6687513162015 19066.68751316201 124 NA NA 2363.51 21347.22 126.8267 0 190.66687513162015 1906.668751316201 7.881
1_206 mixed 18 128.96 5.24 2525.2556861265543 22727.301175138986 114 UCRKL000001_206 20 2363.51 21347.22 126.8267 1 244.43828430632774 2203.7260587569494 12.789335
1_206 single 18 136.31 5.289999999999999 2566.069685888018 22658.962754833938 112 UCRKL000001_206 20 2363.51 21347.22 126.8267 0 256.6069685888018 2265.8962754833938 13.631
1_212 mixed 18 92.91 5.49 1683.933674299123 15766.349265352588 117.5 UCRKL000001_212 44 2363.51 21347.22 126.8267 1 202.37218371495615 1855.6784632676295 10.986835
1_212 single 18 77.06 4.89 1569.2938618722278 15692.938618722277 115 UCRKL000001_212 44 2363.51 21347.22 126.8267 0 156.92938618722278 1569.2938618722278 7.706
1_214 mixed 18 58.71 4.539999999999999 1173.8024567331843 11134.68194894744 111 UCRKL000001_214 85 2363.51 21347.22 126.8267 1 176.8656228366592 1624.0950974473722 9.276835
1_214 single 18 115.76000000000002 5.39 2116.9116237570624 18775.794033897837 111 UCRKL000001_214 85 2363.51 21347.22 126.8267 0 211.69116237570626 1877.5794033897837 11.576000000000002
1_218 mixed 18 111.06 4.84 2286.707316552081 19820.378069571983 117.5 UCRKL000001_218 48 2363.51 21347.22 126.8267 1 232.51086582760408 2058.3799034785993 11.894335000000002
1_218 single 18 77.25999999999999 4.539999999999999 1680.0170964248075 12929.202830623972 115 UCRKL000001_218 48 2363.51 21347.22 126.8267 0 168.00170964248076 1292.9202830623972 7.725999999999999
1_22 mixed 18 128.21 5.59 2250.07009171817 14198.696909165665 115.5 UCRKL000001_22 54 2363.51 21347.22 126.8267 1 230.67900458590847 1777.2958454582833 12.751835
1_22 single 18 130.06 5.64 2287.3206356662467 14579.825182260509 115 UCRKL000001_22 54 2363.51 21347.22 126.8267 0 228.73206356662467 1457.9825182260508 13.006
1_221 mixed 18 86.76 5.04 1741.7564159737326 16085.617089794036 115 UCRKL000001_221 86 2363.51 21347.22 126.8267 1 205.2633207986866 1871.6418544897017 10.679335
1_221 single 18 107.76 5.34 2026.8476429638579 12371.603250792037 118 UCRKL000001_221 86 2363.51 21347.22 126.8267 0 202.6847642963858 1237.1603250792036 10.776
1_24 mixed 18 102.76 5.039999999999999 2033.89954726527 18305.095925387428 114.5 UCRKL000001_24 68 2363.51 21347.22 126.8267 1 219.8704773632635 1982.6157962693717 11.479335
1_24 single 18 110.31 5.14 2167.491413671503 18123.93374455817 112.5 UCRKL000001_24 68 2363.51 21347.22 126.8267 0 216.7491413671503 1812.393374455817 11.031
1_3 mixed 18 192.91 5.14 3749.7469209027695 16739.299159708742 114 UCRKL000001_3 73 2363.51 21347.22 126.8267 1 305.6628460451385 1904.325957985437 15.986835
1_3 single 18 124.06 5.1899999999999995 2405.07754973563 24050.775497356306 116.5 UCRKL000001_3 73 2363.51 21347.22 126.8267 0 240.50775497356298 2405.077549735631 12.406
1_39_1 mixed 18 105.41 4.89 2155.6237218813903 21556.237218813905 111 NA NA 2363.51 21347.22 126.8267 1 225.95668609406954 2145.1728609406955 11.611835
1_39_1 single 18 177.76 4.59 3872.76688453159 38727.66884531591 107 NA NA 2363.51 21347.22 126.8267 0 387.276688453159 3872.7668845315907 17.776
1_45 mixed 18 119.75999999999999 4.489999999999999 2667.2605790645885 26672.60579064588 112 NA NA 2363.51 21347.22 126.8267 1 251.53852895322945 2400.991289532294 12.329335
1_45 single 18 56.06 4.09 1398.2690331227727 11697.086205756668 114.5 NA NA 2363.51 21347.22 126.8267 0 139.82690331227727 1169.7086205756668 5.606
1_47_1 mixed 18 134.61 5.4399999999999995 2482.061748628317 22338.555737654853 114 NA NA 2363.51 21347.22 126.8267 1 242.27858743141587 2184.288786882743 13.071835000000002
1_47_1 single 18 106.71000000000001 5.39 1979.7345987311414 18807.76682899478 113 NA NA 2363.51 21347.22 126.8267 0 197.97345987311414 1880.776682899478 10.671000000000001
1_51_1 mixed 18 139.11 4.79 2904.175365344468 24010.647181628396 112.5 NA NA 2363.51 21347.22 126.8267 1 263.38426826722343 2267.89335908142 13.296835000000002
1_51_1 single 18 93.26 4.6899999999999995 2011.2996368399122 16625.373578615232 115 NA NA 2363.51 21347.22 126.8267 0 201.1299636839912 1662.537357861523 9.326
1_56 mixed 18 56.459999999999994 4.74 1203.6275178101232 12036.275178101234 114 NA NA 2363.51 21347.22 126.8267 1 178.35687589050616 1669.1747589050617 9.164335
1_56 single 18 98.06 5.739999999999999 1701.3462023834504 14380.89712362134 115.5 NA NA 2363.51 21347.22 126.8267 0 170.13462023834504 1438.089712362134 9.806000000000001
1_58 mixed 18 105.36 5.789999999999999 1821.8031841978732 17276.529158615584 112 UCRKL000001_58 94 2363.51 21347.22 126.8267 1 209.2656592098937 1931.1874579307791 11.609335
1_58 single 18 130.71 5.14 2548.2539899836866 13667.92612113123 111.5 UCRKL000001_58 94 2363.51 21347.22 126.8267 0 254.82539899836866 1366.792612113123 13.071000000000002
1_60_3 mixed 18 66.76 4.34 1541.2406879377268 12711.008277978666 114.5 NA NA 2363.51 21347.22 126.8267 1 195.23753439688636 1702.9114138989335 9.679335
1_60_3 single 18 144.70999999999998 4.89 2966.3159085292036 22675.929222816594 121 NA NA 2363.51 21347.22 126.8267 0 296.63159085292034 2267.5929222816594 14.470999999999998
1_61 mixed 18 92.00999999999999 5.59 1642.9898007248119 16429.89800724812 109.5 UCRKL000001_61 97 2363.51 21347.22 126.8267 1 200.32499003624062 1888.8559003624061 10.941835000000001
1_61 single 18 103.25999999999999 4.6899999999999995 2200.3432833776897 20913.91119368578 111 UCRKL000001_61 97 2363.51 21347.22 126.8267 0 220.03432833776895 2091.391119368578 10.325999999999999
1_65 mixed 18 86.81 4.24 2054.408042236205 19813.777392059023 120 UCRKL000001_65 65 2363.51 21347.22 126.8267 1 220.89590211181024 2058.0498696029513 10.681835000000001
1_65 single 18 90.21000000000001 4.6899999999999995 1963.535462031703 17671.819158285325 117.5 UCRKL000001_65 65 2363.51 21347.22 126.8267 0 196.3535462031703 1767.1819158285325 9.021
1_67 mixed 18 111.61 4.539999999999999 2461.238713688311 24612.38713688311 118 UCRKL000001_67 98 2363.51 21347.22 126.8267 1 241.23743568441554 2297.9803568441557 11.921835
1_67 single 18 91.21000000000001 4.539999999999999 1986.929491818487 17213.43137873924 125 UCRKL000001_67 98 2363.51 21347.22 126.8267 0 198.6929491818487 1721.3431378739238 9.121
1_7_1 mixed 18 106.86 5.14 2087.3328249314227 19743.880396553493 114 NA NA 2363.51 21347.22 126.8267 1 222.54214124657113 2054.5550198276746 11.684335
1_7_1 single 18 77.31 4.39 1783.4642713780036 14667.405549965853 115 NA NA 2363.51 21347.22 126.8267 0 178.34642713780036 1466.7405549965854 7.731
1_74 mixed 18 130.71 5.24 2499.8730512821458 18591.63239173586 113.5 UCRKL000001_74 99 2363.51 21347.22 126.8267 1 243.1691525641073 1996.9426195867932 12.876835
1_74 single 18 138.26 5.289999999999999 2666.664519522905 22596.704134325315 113.5 UCRKL000001_74 99 2363.51 21347.22 126.8267 0 266.66645195229046 2259.6704134325314 13.825999999999999
1_75 mixed 18 97.26 4.4399999999999995 2096.889923806482 12666.9184126608 111.5 UCRKL000001_75 37 2363.51 21347.22 126.8267 1 223.01999619032412 1700.7069206330402 11.204335
1_75 single 18 134.56 4.99 2667.223382045929 26672.233820459292 110.5 UCRKL000001_75 37 2363.51 21347.22 126.8267 0 266.7223382045929 2667.223382045929 13.456
1_78 mixed 18 148.91 5.34 2762.271918464471 26709.809743411573 114 UCRKL000001_78 20 2363.51 21347.22 126.8267 1 256.28909592322356 2402.851487170579 13.786835
1_78 single 18 103.71000000000001 5.039999999999999 2103.2929747490984 21032.929747490984 112 UCRKL000001_78 20 2363.51 21347.22 126.8267 0 210.32929747490985 2103.2929747490984 10.371
1_8 mixed 18 117.46 4.89 2423.9149467369857 20460.760469334495 111 UCRKL000001_8 81 2363.51 21347.22 126.8267 1 239.3712473368493 2090.3990234667244 12.214335
1_8 single 18 95.31 4.789999999999999 1953.6207267348723 18015.47833796376 111 UCRKL000001_8 81 2363.51 21347.22 126.8267 0 195.36207267348723 1801.547833796376 9.531
1_83 mixed 18 69.11 4.6899999999999995 1473.5607675906185 13262.046908315566 116 UCRKL000001_83 65 2363.51 21347.22 126.8267 1 191.85353837953093 1730.4633454157781 9.796835
1_83 single 18 87.25999999999999 4.9399999999999995 1759.9058286951781 17599.058286951782 118 UCRKL000001_83 65 2363.51 21347.22 126.8267 0 175.99058286951782 1759.9058286951781 8.725999999999999
1_84 mixed 18 116.66 5.1899999999999995 2247.7842003853566 9319.845857418113 108 UCRKL000001_84 100 2363.51 21347.22 126.8267 1 230.56471001926784 1533.3532928709058 12.174335
1_84 single 18 178.46 5.289999999999999 3343.4806516652834 26350.37683159563 108 UCRKL000001_84 100 2363.51 21347.22 126.8267 0 334.34806516652833 2635.037683159563 17.846
1_85 mixed 18 103.10999999999999 4.99 2080.963515614642 20809.635156146418 114.5 UCRKL000001_85 63 2363.51 21347.22 126.8267 1 222.2236757807321 2107.842757807321 11.496834999999999
1_85 single 18 79.86000000000001 5.539999999999999 1482.470359438088 4157.347206728729 124 UCRKL000001_85 63 2363.51 21347.22 126.8267 0 148.2470359438088 415.7347206728729 7.9860000000000015
1_89_2 mixed 18 137.56 4.6899999999999995 2933.0490405117275 29330.49040511727 113 NA NA 2363.51 21347.22 126.8267 1 264.82795202558634 2533.8855202558634 13.219335000000001
1_89_2 single 18 94.76 4.04 2391.668251621255 23916.682516212553 113 NA NA 2363.51 21347.22 126.8267 0 239.1668251621255 2391.6682516212554 9.476
1_92 mixed 18 111.81 5.739999999999999 1947.9284781117826 14609.399195037411 112 UCRKL000001_92 102 2363.51 21347.22 126.8267 1 215.57192390558913 1797.8309597518705 11.931835000000001
1_92 single 18 100.46 5.239999999999999 1924.743476023085 15556.571065628528 113.5 UCRKL000001_92 102 2363.51 21347.22 126.8267 0 192.47434760230848 1555.6571065628527 10.046
1_93 mixed 18 56.91 4.09 1375.182914771604 13751.829147716038 114 UCRKL000001_93 103 2363.51 21347.22 126.8267 1 186.9346457385802 1754.952457385802 9.186834999999999
1_93 single 18 37.41 3.44 961.2270612270613 9612.270612270611 112 UCRKL000001_93 103 2363.51 21347.22 126.8267 0 96.12270612270613 961.2270612270611 3.7409999999999997
1_95 mixed 18 88.61 5.14 1781.7870778995389 12932.582932513513 111 UCRKL000001_95 49 2363.51 21347.22 126.8267 1 207.26485389497694 1713.9901466256756 10.771835
1_95 single 18 144.81 4.54 3194.5433133324573 30303.70819159963 110 UCRKL000001_95 49 2363.51 21347.22 126.8267 0 319.4543313332457 3030.370819159963 14.481
1_98 mixed 18 64.96000000000001 4.59 1415.2505446623095 14152.505446623098 114 UCRKL000001_98 58 2363.51 21347.22 126.8267 1 188.9380272331155 1774.9862723311549 9.589335
1_98 single 18 64.21000000000001 5.64 1130.2909502937434 8163.813235746865 124 UCRKL000001_98 58 2363.51 21347.22 126.8267 0 113.02909502937435 816.3813235746865 6.421000000000001
1_99 mixed 18 108.91 4.289999999999999 2435.1122905302473 23874.180549412747 113 UCRKL000001_99 104 2363.51 21347.22 126.8267 1 239.93111452651237 2261.0700274706373 11.786835
1_99 single 18 95.66 4.09 2209.595766502206 21519.913096776934 113 UCRKL000001_99 104 2363.51 21347.22 126.8267 0 220.9595766502206 2151.9913096776936 9.565999999999999
2_100 mixed 28 138.11 4.74 2939.5231030380796 29395.231030380797 111.5 UCRKL000002_100 105 2363.51 21347.22 126.8267 1 265.15165515190404 2537.12255151904 13.246835
2_100 single 28 100.26000000000002 5.04 1958.5754821599821 15049.485577625092 111 UCRKL000002_100 105 2363.51 21347.22 126.8267 0 195.8575482159982 1504.9485577625092 10.026000000000002
2_101 mixed 28 104.36 5.4399999999999995 1925.015978438408 19250.159784384083 112 UCRKL000002_101 106 2363.51 21347.22 126.8267 1 214.4262989219204 2029.8689892192044 11.559335
2_101 single 28 132.41 4.789999999999999 2806.231267037425 26993.943318704307 111 UCRKL000002_101 106 2363.51 21347.22 126.8267 0 280.6231267037425 2699.3943318704305 13.241
2_104 mixed 28 133.06 5.539999999999999 2388.6453968222813 11110.032680059277 111.5 UCRKL000002_104 108 2363.51 21347.22 126.8267 1 237.60776984111408 1622.862634002964 12.994335000000001
2_104 single 28 141.41 4.89 2877.8714303156357 22010.340138345662 110.5 UCRKL000002_104 108 2363.51 21347.22 126.8267 0 287.7871430315636 2201.0340138345664 14.141
2_106 mixed 28 121.11 5.09 2339.977923994348 23399.77923994348 118.5 UCRKL000002_106 110 2363.51 21347.22 126.8267 1 235.17439619971742 2237.3499619971744 12.396835
2_106 single 28 62.260000000000005 5.289999999999999 1217.9810922900851 12179.810922900851 118 UCRKL000002_106 110 2363.51 21347.22 126.8267 0 121.79810922900852 1217.9810922900851 6.226000000000001
2_108 mixed 28 71.16 4.49 1576.095070226918 15005.680779390002 115 UCRKL000002_108 111 2363.51 21347.22 126.8267 1 196.98025351134592 1817.6450389695 9.899334999999999
2_108 single 28 70.76 5.39 1327.4092225902587 7005.4918126408265 122.5 UCRKL000002_108 111 2363.51 21347.22 126.8267 0 132.74092225902587 700.5491812640827 7.0760000000000005
2_110 mixed 28 98.16 5.09 1928.4872298624755 17356.38506876228 112 UCRKL000002_110 114 2363.51 21347.22 126.8267 1 214.5998614931238 1935.1802534381138 11.249334999999999
2_110 single 28 165.76 4.489999999999999 3691.759465478842 25717.149220489977 113 UCRKL000002_110 114 2363.51 21347.22 126.8267 0 369.17594654788417 2571.714922048998 16.576
2_111 mixed 28 110.86 4.89 2267.075664621677 22670.756646216767 112 UCRKL000002_111 115 2363.51 21347.22 126.8267 1 231.52928323108387 2200.8988323108383 11.884335
2_111 single 28 50.56 3.8899999999999997 1272.2186396846187 12722.186396846188 124 UCRKL000002_111 115 2363.51 21347.22 126.8267 0 127.22186396846186 1272.2186396846187 5.056
2_117 mixed 28 84.61 5.14 1645.1764198189808 15581.243966975937 113.5 UCRKL000002_117 120 2363.51 21347.22 126.8267 1 200.43432099094906 1846.4231983487966 10.571835
2_117 single 28 80.76 4.489999999999999 1798.6636971046773 17393.541202672608 132 UCRKL000002_117 120 2363.51 21347.22 126.8267 0 179.86636971046772 1739.354120267261 8.076
2_119 mixed 28 161.36 5.6899999999999995 2835.85237258348 28358.5237258348 112 UCRKL000002_119 122 2363.51 21347.22 126.8267 1 259.968118629174 2485.28718629174 14.409335000000002
2_119 single 28 130.66 5.4399999999999995 2377.143710278883 23771.437102788834 112.5 UCRKL000002_119 122 2363.51 21347.22 126.8267 0 237.71437102788832 2377.143710278883 13.065999999999999
2_120 mixed 28 105.16 4.6899999999999995 2242.203305687258 22422.03305687258 114.5 UCRKL000002_120 123 2363.51 21347.22 126.8267 1 230.2856652843629 2188.462652843629 11.599335
2_120 single 28 137.11 4.89 2803.885480572597 20846.216768916154 121 UCRKL000002_120 123 2363.51 21347.22 126.8267 0 280.3885480572597 2084.6216768916156 13.711000000000002
2_121 mixed 28 125.30999999999999 4.59 2794.2897728631488 27942.89772863149 115.5 UCRKL000002_121 124 2363.51 21347.22 126.8267 1 257.88998864315744 2464.5058864315747 12.606835
2_121 single 28 142.60999999999999 3.9899999999999993 3559.7305133890495 35597.3051338905 122.5 UCRKL000002_121 124 2363.51 21347.22 126.8267 0 355.97305133890495 3559.73051338905 14.261
2_123 mixed 28 165.96 4.9399999999999995 3392.681736867783 33926.81736867783 114.5 UCRKL000002_123 125 2363.51 21347.22 126.8267 1 287.8095868433892 2763.701868433892 14.639334999999999
2_123 single 28 52.01 3.69 1408.1323817993398 13352.300071291553 122.5 UCRKL000002_123 125 2363.51 21347.22 126.8267 0 140.813238179934 1335.2300071291552 5.201
2_124 mixed 28 88.96000000000001 5.09 1742.0057842081083 12335.279422042546 115 UCRKL000002_124 126 2363.51 21347.22 126.8267 1 205.2757892104054 1684.1249711021271 10.789335
2_124 single 28 114.71000000000001 4.39 2613.7487553500405 23534.928918105943 118 UCRKL000002_124 126 2363.51 21347.22 126.8267 0 261.37487553500404 2353.4928918105943 11.471
2_125 mixed 28 91.56 4.24 2087.737466605146 20877.374666051463 117.5 UCRKL000002_125 127 2363.51 21347.22 126.8267 1 222.5623733302573 2111.229733302573 10.919335
2_125 single 28 113.16 4.59 2465.3594771241833 24653.594771241835 124 UCRKL000002_125 127 2363.51 21347.22 126.8267 0 246.53594771241833 2465.3594771241833 11.315999999999999
2_13 mixed 28 111.21000000000001 5.1899999999999995 2142.7745664739887 17129.47976878613 117 UCRKL000002_13 135 2363.51 21347.22 126.8267 1 225.31422832369944 1923.8349884393065 11.901835
2_13 single 28 141.26 4.59 3123.3034087267615 31233.034087267617 119 UCRKL000002_13 135 2363.51 21347.22 126.8267 0 312.3303408726762 3123.3034087267615 14.126
2_132 mixed 28 102.71 5.39 1881.4112042906236 17547.922418577076 111.5 UCRKL000002_132 131 2363.51 21347.22 126.8267 1 212.24606021453118 1944.7571209288537 11.476835
2_132 single 28 82.56 4.59 1792.1863795879021 17921.86379587902 114.5 UCRKL000002_132 131 2363.51 21347.22 126.8267 0 179.21863795879023 1792.1863795879021 8.256
2_137 mixed 28 150.11 4.99 3048.814394137871 29301.37645555641 109.5 UCRKL000002_137 133 2363.51 21347.22 126.8267 1 270.61621970689356 2532.429822777821 13.846835000000002
2_137 single 28 159.41 4.09 3836.687482344739 34530.187341102646 111 UCRKL000002_137 133 2363.51 21347.22 126.8267 0 383.66874823447387 3453.0187341102646 15.940999999999999
2_138 mixed 28 108.86 5.039999999999999 2127.082520656761 21270.82520656761 110 UCRKL000002_138 134 2363.51 21347.22 126.8267 1 224.52962603283805 2130.90226032838 11.784335
2_138 single 28 127.60999999999999 5.49 2342.616935900814 22129.9021684384 115.5 UCRKL000002_138 134 2363.51 21347.22 126.8267 0 234.2616935900814 2212.99021684384 12.761
2_139 mixed 28 114.01 5.24 2191.5957871015653 19961.39615366324 105.5 UCRKL000002_139 118 2363.51 21347.22 126.8267 1 227.75528935507828 2065.430807683162 12.041835
2_139 single 28 60.46 4.99 1169.6613999135009 10404.239271466162 106 UCRKL000002_139 118 2363.51 21347.22 126.8267 0 116.96613999135009 1040.4239271466163 6.046
2_142 mixed 28 122.71000000000001 5.1899999999999995 2360.471964336837 23604.71964336837 117 UCRKL000002_142 120 2363.51 21347.22 126.8267 1 236.19909821684186 2247.5969821684184 12.476835
2_142 single 28 90.26 4.34 2081.0615352756586 14335.148223075332 132 UCRKL000002_142 120 2363.51 21347.22 126.8267 0 208.10615352756585 1433.5148223075332 9.026
2_144 mixed 28 117.01 4.9399999999999995 2301.5098162768572 23015.098162768572 115 UCRKL000002_144 129 2363.51 21347.22 126.8267 1 233.25099081384286 2218.1159081384285 12.191835000000001
2_144 single 28 152.85999999999999 5.39 2905.553421177415 29055.534211774157 115 UCRKL000002_144 129 2363.51 21347.22 126.8267 0 290.55534211774153 2905.5534211774157 15.285999999999998
2_146 mixed 28 132.96 4.64 2839.039274051921 25551.35346646729 116 UCRKL000002_146 119 2363.51 21347.22 126.8267 1 260.12746370259606 2344.928673323365 12.989335
2_146 single 28 71.81 4.489999999999999 1599.331848552339 14486.414253897554 124.5 UCRKL000002_146 119 2363.51 21347.22 126.8267 0 159.9331848552339 1448.6414253897553 7.181
2_148 mixed 28 190.31 5.24 3597.250055789077 17452.464779715458 109 UCRKL000002_148 137 2363.51 21347.22 126.8267 1 298.03800278945386 1939.9842389857731 15.856835
2_148 single 28 90.41 5.04 1735.2838870973587 15340.251458386174 106 UCRKL000002_148 137 2363.51 21347.22 126.8267 0 173.52838870973588 1534.0251458386174 9.041
2_156 mixed 28 125.50999999999999 5.39 2318.9917395780612 20485.947641527302 113 UCRKL000002_156 141 2363.51 21347.22 126.8267 1 234.12508697890308 2091.6583820763653 12.616835
2_156 single 28 113.46000000000001 4.84 2343.056213737721 23430.56213737721 108.5 UCRKL000002_156 141 2363.51 21347.22 126.8267 0 234.3056213737721 2343.056213737721 11.346
2_157 mixed 28 108.46 5.289999999999999 2038.6153344255597 18141.788406867403 114.5 UCRKL000002_157 140 2363.51 21347.22 126.8267 1 220.10626672127802 1974.4504203433703 11.764334999999999
2_157 single 28 82.46000000000001 5.289999999999999 1526.2377389144758 14929.764422543582 121.5 UCRKL000002_157 140 2363.51 21347.22 126.8267 0 152.62377389144757 1492.976442254358 8.246
2_160 mixed 28 109.11000000000001 5.239999999999999 2019.9735267762533 14062.005718513785 105 UCRKL000002_160 143 2363.51 21347.22 126.8267 1 219.17417633881269 1770.4612859256893 11.796835000000002
2_160 single 28 124.11 5.039999999999999 2509.2769247136425 24155.196992801164 105.5 UCRKL000002_160 143 2363.51 21347.22 126.8267 0 250.92769247136425 2415.5196992801166 12.411
2_163 mixed 28 101.66 5.49 1856.958324067959 18569.58324067959 111 UCRKL000002_163 134 2363.51 21347.22 126.8267 1 211.02341620339794 1995.8401620339796 11.424335
2_163 single 28 115.45999999999998 5.539999999999999 2081.6785112629564 19910.95633303029 111 UCRKL000002_163 134 2363.51 21347.22 126.8267 0 208.16785112629563 1991.0956333030292 11.545999999999998
2_166 mixed 28 112.36 5.24 2133.013597901599 17877.72095218236 111 UCRKL000002_166 112 2363.51 21347.22 126.8267 1 224.82617989507997 1961.247047609118 11.959335
2_166 single 28 187.81 5.34 3519.8834921492225 35198.83492149222 111.5 UCRKL000002_166 112 2363.51 21347.22 126.8267 0 351.98834921492227 3519.883492149222 18.781
2_167 mixed 28 54.61 4.09 1156.3559721323525 11048.199219756129 106 UCRKL000002_167 144 2363.51 21347.22 126.8267 1 175.99329860661766 1619.7709609878063 9.071835
2_167 single 28 172.56 5.14 3365.1437894394157 9736.04937710801 105.5 UCRKL000002_167 144 2363.51 21347.22 126.8267 0 336.51437894394155 973.6049377108009 17.256
2_169 mixed 28 88.51 5.039999999999999 1758.74203576959 13147.032400676148 117.5 UCRKL000002_169 109 2363.51 21347.22 126.8267 1 206.1126017884795 1724.7126200338075 10.766835
2_169 single 28 138.36 4.89 2850.922722271265 21906.980976566912 114.5 UCRKL000002_169 109 2363.51 21347.22 126.8267 0 285.0922722271265 2190.698097656691 13.836000000000002
2_17 mixed 28 137.41 5.289999999999999 2563.3012478234587 24200.414855144605 109 UCRKL000002_17 149 2363.51 21347.22 126.8267 1 246.34056239117294 2277.3817427572303 13.211834999999999
2_17 single 28 99.81 5.29 1886.7674858223058 17786.767485822304 106 UCRKL000002_17 149 2363.51 21347.22 126.8267 0 188.67674858223057 1778.6767485822304 9.981
2_170 mixed 28 71.06 5.489999999999999 1294.353369763206 11649.180327868857 107 UCRKL000002_170 146 2363.51 21347.22 126.8267 1 182.8931684881603 1649.820016393443 9.894335000000002
2_170 single 28 154.01 5.6899999999999995 2710.7124429572914 24396.411986615625 111 UCRKL000002_170 146 2363.51 21347.22 126.8267 0 271.0712442957291 2439.6411986615626 15.401
2_171 mixed 28 113.31 5.54 2063.396900333343 20633.96900333343 117.5 UCRKL000002_171 147 2363.51 21347.22 126.8267 1 221.34534501666718 2099.059450166672 12.006835
2_171 single 28 85.71000000000001 5.29 1633.2994400395182 13675.58312690875 120.5 UCRKL000002_171 147 2363.51 21347.22 126.8267 0 163.32994400395182 1367.558312690875 8.571000000000002
2_173 mixed 28 120.56 4.49 2662.440147283771 23961.961325553937 115.5 UCRKL000002_173 148 2363.51 21347.22 126.8267 1 251.29750736418856 2265.459066277697 12.369335000000001
2_173 single 28 85.91 4.64 1949.6360190230166 15993.010872416133 124 UCRKL000002_173 148 2363.51 21347.22 126.8267 0 194.96360190230166 1599.3010872416132 8.591
2_175 mixed 28 119.75999999999999 5.34 2275.9051646221083 22759.05164622108 114.5 UCRKL000002_175 116 2363.51 21347.22 126.8267 1 231.97075823110544 2205.3135823110542 12.329335
2_175 single 28 74.56 5.289999999999999 1398.801178066211 13147.756771554641 118 UCRKL000002_175 116 2363.51 21347.22 126.8267 0 139.8801178066211 1314.775677155464 7.456
2_183 mixed 28 117.11 4.989999999999999 2346.893787575151 19640.48096192385 114.5 UCRKL000002_183 150 2363.51 21347.22 126.8267 1 235.52018937875755 2049.385048096193 12.196835
2_183 single 28 81.36 5.24 1571.3862898258071 12307.226144610373 114.5 UCRKL000002_183 150 2363.51 21347.22 126.8267 0 157.1386289825807 1230.7226144610372 8.136
2_19 mixed 28 91.91 4.59 1995.013320290055 15282.329364947458 114.5 UCRKL000002_19 6 2363.51 21347.22 126.8267 1 217.92616601450277 1831.477468247373 10.936834999999999
2_19 single 28 135.06 5.59 2402.9558926892205 22950.54191365969 114 UCRKL000002_19 6 2363.51 21347.22 126.8267 0 240.29558926892204 2295.054191365969 13.506
2_195 mixed 28 173.71 5.59 3107.5134168157424 31075.13416815742 114 UCRKL000002_195 151 2363.51 21347.22 126.8267 1 273.5511708407871 2621.117708407871 15.026835
2_195 single 28 141.60999999999999 4.64 3050.751615262425 30507.51615262425 121 UCRKL000002_195 151 2363.51 21347.22 126.8267 0 305.0751615262425 3050.751615262425 14.160999999999998
2_20 mixed 28 106.41 5.4399999999999995 1947.9928037847762 19479.928037847763 121 UCRKL000002_20 122 2363.51 21347.22 126.8267 1 215.57514018923885 2041.3574018923882 11.661835
2_20 single 28 97.21000000000001 5.39 1822.5219822074241 18225.219822074243 119.5 UCRKL000002_20 122 2363.51 21347.22 126.8267 0 182.2521982207424 1822.5219822074243 9.721
2_202 mixed 28 124.66 5.79 2153.022452504318 17224.179620034545 105 UCRKL000002_202 143 2363.51 21347.22 126.8267 1 225.8266226252159 1928.5699810017272 12.574335
2_202 single 28 111.91 4.9399999999999995 2261.784332946422 21546.235813806597 109 UCRKL000002_202 143 2363.51 21347.22 126.8267 0 226.17843329464222 2154.6235813806597 11.190999999999999
2_209 mixed 28 87.96000000000001 5.039999999999999 1744.6618187258605 14742.492450519901 112 UCRKL000002_209 152 2363.51 21347.22 126.8267 1 205.40859093629305 1804.485622525995 10.739335
2_209 single 28 82.06 4.09 2006.356968215159 20063.56968215159 112 UCRKL000002_209 152 2363.51 21347.22 126.8267 0 200.6356968215159 2006.3569682151588 8.206
2_212 mixed 28 122.71000000000001 4.339999999999999 2824.694918291869 28246.949182918688 110 UCRKL000002_212 153 2363.51 21347.22 126.8267 1 259.4102459145935 2479.7084591459343 12.476835
2_212 single 28 122.60999999999999 4.99 2466.0154223032087 23316.104118647956 112 UCRKL000002_212 153 2363.51 21347.22 126.8267 0 246.60154223032086 2331.6104118647954 12.261
2_217 mixed 28 116.31 4.59 2529.278045027804 22979.64013847403 113 UCRKL000002_217 155 2363.51 21347.22 126.8267 1 244.6394022513902 2216.3430069237015 12.156835000000001
2_217 single 28 138.46 4.289999999999999 3227.892464101154 29042.738821940635 124.5 UCRKL000002_217 155 2363.51 21347.22 126.8267 0 322.7892464101154 2904.2738821940634 13.846
2_219 mixed 28 140.16 5.24 2677.5477051622465 21707.381142301427 110 UCRKL000002_219 157 2363.51 21347.22 126.8267 1 252.05288525811233 2152.7300571150713 13.349335
2_219 single 28 169.31 5.1899999999999995 3368.7721323085802 26950.177058468642 108.5 UCRKL000002_219 157 2363.51 21347.22 126.8267 0 336.87721323085805 2695.0177058468644 16.931
2_3 mixed 28 153.31 5.4399999999999995 2801.7013232514178 17313.610586011342 113 UCRKL000002_3 165 2363.51 21347.22 126.8267 1 258.2605661625709 1933.0415293005674 14.006835
2_3 single 28 77.31 5.34 1477.5083561443914 11447.992567569974 117 UCRKL000002_3 165 2363.51 21347.22 126.8267 0 147.75083561443915 1144.7992567569975 7.731
2_30 mixed 28 98.25999999999999 5.6899999999999995 1738.0216254053605 16405.633693756758 115 UCRKL000002_30 117 2363.51 21347.22 126.8267 1 205.07658127026804 1887.6426846878378 11.254335000000001
2_30 single 28 136.51 5.84 2344.0184480121643 18752.147584097314 118 UCRKL000002_30 117 2363.51 21347.22 126.8267 0 234.40184480121644 1875.2147584097315 13.651
2_34 mixed 28 130.26 5.04 2580.6378284943034 25806.37828494303 117 UCRKL000002_34 162 2363.51 21347.22 126.8267 1 247.2073914247152 2357.6799142471514 12.854335
2_34 single 28 97.75999999999999 5.59 1727.2182835281997 9960.477050911319 119 UCRKL000002_34 162 2363.51 21347.22 126.8267 0 172.72182835281995 996.0477050911319 9.776
2_35 mixed 28 130.71 4.789999999999999 2690.74488846975 23305.044075078265 115.5 UCRKL000002_35 163 2363.51 21347.22 126.8267 1 252.7127444234875 2232.6132037539132 12.876835
2_35 single 28 155.81 4.84 3275.7139608034986 30728.63181293476 113 UCRKL000002_35 163 2363.51 21347.22 126.8267 0 327.57139608034987 3072.863181293476 15.581
2_37 mixed 28 96.91 4.6899999999999995 1964.6727208613258 16103.861953370793 120.5 UCRKL000002_37 164 2363.51 21347.22 126.8267 1 216.4091360430663 1872.55409766854 11.186834999999999
2_37 single 28 58.760000000000005 4.6899999999999995 1247.7547349824936 11813.619494113515 119 UCRKL000002_37 164 2363.51 21347.22 126.8267 0 124.77547349824935 1181.3619494113514 5.876
2_43 mixed 28 66.31 4.6899999999999995 1392.0704704594684 13920.704704594684 112 UCRKL000002_43 165 2363.51 21347.22 126.8267 1 187.77902352297343 1763.3962352297342 9.656835000000001
2_43 single 28 85.00999999999999 5.039999999999999 1645.5210035167393 13097.325062996706 122 UCRKL000002_43 165 2363.51 21347.22 126.8267 0 164.55210035167391 1309.7325062996706 8.501
2_44 mixed 28 73.11 5.14 1434.2973281155885 13421.530395384343 124.5 UCRKL000002_44 166 2363.51 21347.22 126.8267 1 189.89036640577942 1738.437519769217 9.996835
2_44 single 28 48.86 5.34 901.2266127588787 9012.266127588788 120.5 UCRKL000002_44 166 2363.51 21347.22 126.8267 0 90.12266127588786 901.2266127588788 4.886
2_46 mixed 28 111.36 5.4399999999999995 2079.535641741888 20795.35641741888 117.5 UCRKL000002_46 122 2363.51 21347.22 126.8267 1 222.15228208709442 2107.128820870944 11.909335
2_46 single 28 111.50999999999999 4.9399999999999995 2296.2308774288317 20316.295106862348 116.5 UCRKL000002_46 122 2363.51 21347.22 126.8267 0 229.62308774288317 2031.6295106862349 11.151
2_47 mixed 28 104.86 4.6899999999999995 2234.6546226934297 21256.56801342667 106.5 UCRKL000002_47 167 2363.51 21347.22 126.8267 1 229.9082311346715 2130.1894006713337 11.584335
2_47 single 28 108.25999999999999 4.99 2186.240312413369 17332.955271372957 105 UCRKL000002_47 167 2363.51 21347.22 126.8267 0 218.6240312413369 1733.2955271372957 10.825999999999999
2_56 mixed 28 105.56 5.4399999999999995 1917.0345838793683 7547.863100257017 113 UCRKL000002_56 172 2363.51 21347.22 126.8267 1 214.02722919396842 1444.754155012851 11.619335000000001
2_56 single 28 92.21000000000001 5.34 1694.7063373491424 16947.063373491423 114.5 UCRKL000002_56 172 2363.51 21347.22 126.8267 0 169.47063373491423 1694.7063373491424 9.221
2_58 mixed 28 136.66 5.1899999999999995 2633.140655105973 26331.406551059732 114 UCRKL000002_58 150 2363.51 21347.22 126.8267 1 249.8325327552987 2383.9313275529867 13.174335
2_58 single 28 100.86000000000001 5.6899999999999995 1766.6737728672904 13081.922134579083 113 UCRKL000002_58 150 2363.51 21347.22 126.8267 0 176.66737728672905 1308.1922134579083 10.086000000000002
2_6 mixed 28 64.81 5.09 1292.9163719020726 12532.566365523562 115.5 UCRKL000002_6 176 2363.51 21347.22 126.8267 1 182.82131859510363 1693.9893182761782 9.581835000000002
2_6 single 28 63.11 4.1899999999999995 1488.0076044324937 13945.45189853906 120.5 UCRKL000002_6 176 2363.51 21347.22 126.8267 0 148.80076044324937 1394.545189853906 6.311
2_62 mixed 28 65.86 4.39 1500.227790432802 13502.05011389522 106 UCRKL000002_62 159 2363.51 21347.22 126.8267 1 193.18688952164013 1742.4635056947614 9.634335
2_62 single 28 71.56 5.14 1463.5994014717028 14186.425793646216 105.5 UCRKL000002_62 159 2363.51 21347.22 126.8267 0 146.35994014717028 1418.6425793646217 7.156000000000001
2_64 mixed 28 159.11 5.289999999999999 3027.121646429837 30271.21646429837 113 UCRKL000002_64 128 2363.51 21347.22 126.8267 1 269.53158232149184 2580.9218232149187 14.296835000000002
2_64 single 28 128.26 4.989999999999999 2570.3406813627257 25703.406813627254 112 UCRKL000002_64 128 2363.51 21347.22 126.8267 0 257.0340681362726 2570.3406813627253 12.825999999999999
2_66 mixed 28 167.36 5.039999999999999 3352.007754412095 33520.077544120955 110 UCRKL000002_66 174 2363.51 21347.22 126.8267 1 285.77588772060477 2743.364877206048 14.709335000000001
2_66 single 28 131.31 4.59 2842.876436767944 22743.011494143553 110 UCRKL000002_66 174 2363.51 21347.22 126.8267 0 284.2876436767944 2274.301149414355 13.131
2_74 mixed 28 92.46 5.039999999999999 1835.8546993392201 12000.132392401623 105.5 UCRKL000002_74 143 2363.51 21347.22 126.8267 1 209.968234966961 1667.3676196200813 10.964335
2_74 single 28 99.26 5.1899999999999995 1912.5240847784205 19125.240847784204 105 UCRKL000002_74 143 2363.51 21347.22 126.8267 0 191.25240847784204 1912.5240847784203 9.926
2_77 mixed 28 170.10999999999999 5.289999999999999 3227.1996593198564 30810.612258043737 110 UCRKL000002_77 178 2363.51 21347.22 126.8267 1 279.53548296599286 2607.891612902187 14.846834999999999
2_77 single 28 132.91 5.14 2594.720465153253 25108.47632783311 111 UCRKL000002_77 178 2363.51 21347.22 126.8267 0 259.4720465153253 2510.847632783311 13.291
2_79 mixed 28 141.26 5.24 2649.6768562811403 24286.53402123358 112 UCRKL000002_79 179 2363.51 21347.22 126.8267 1 250.65934281405703 2281.687701061679 13.404335
2_79 single 28 122.01 4.989999999999999 2327.799481543686 11638.997407718429 112 UCRKL000002_79 179 2363.51 21347.22 126.8267 0 232.77994815436858 1163.899740771843 12.201
2_81 mixed 28 111.00999999999999 4.789999999999999 2314.2926375627076 20828.633738064367 116 UCRKL000002_81 120 2363.51 21347.22 126.8267 1 233.89013187813538 2108.7926869032185 11.891835
2_81 single 28 78.00999999999999 4.24 1775.3465396441354 17256.550229346238 124.5 UCRKL000002_81 120 2363.51 21347.22 126.8267 0 177.53465396441354 1725.6550229346237 7.800999999999999
2_84 mixed 28 109.91000000000001 5.289999999999999 2061.379325152716 14046.240888058659 112 UCRKL000002_84 172 2363.51 21347.22 126.8267 1 221.2444662576358 1769.673044402933 11.836835
2_84 single 28 121.86 5.49 2250.452443667981 22504.524436679807 118.5 UCRKL000002_84 172 2363.51 21347.22 126.8267 0 225.04524436679807 2250.452443667981 12.186
2_85 mixed 28 135.01 5.14 2652.323346392287 26523.233463922872 114.5 UCRKL000002_85 180 2363.51 21347.22 126.8267 1 250.79166731961436 2393.522673196144 13.091835
2_85 single 28 90.01 4.789999999999999 1876.6125115405994 17807.775410101473 115.5 UCRKL000002_85 180 2363.51 21347.22 126.8267 0 187.66125115405993 1780.7775410101472 9.001000000000001
2_89 mixed 28 153.41 4.89 3148.1330092334983 31481.33009233498 112.5 UCRKL000002_89 139 2363.51 21347.22 126.8267 1 275.5821504616749 2641.427504616749 14.011835
2_89 single 28 102.56 4.539999999999999 2267.2382588274113 22672.382588274115 117 UCRKL000002_89 139 2363.51 21347.22 126.8267 0 226.72382588274112 2267.2382588274113 10.256
2_90 mixed 28 131.60999999999999 5.39 2461.2883798685452 19690.307038948362 112 UCRKL000002_90 181 2363.51 21347.22 126.8267 1 241.23991899342727 2051.8763519474182 12.921834999999998
2_90 single 28 103.41000000000001 5.4399999999999995 1950.991626716932 19509.91626716932 118 UCRKL000002_90 181 2363.51 21347.22 126.8267 0 195.0991626716932 1950.991626716932 10.341000000000001
2_99 mixed 28 185.81 5.14 3625.7615419875665 30264.82984873338 113.5 UCRKL000002_99 183 2363.51 21347.22 126.8267 1 299.4635770993783 2580.6024924366693 15.631835
2_99 single 28 119.21000000000001 4.99 2415.833268813086 20422.909442096814 118.5 UCRKL000002_99 183 2363.51 21347.22 126.8267 0 241.58332688130858 2042.2909442096814 11.921000000000001
3_104 mixed 50 119.60999999999999 4.59 2464.888560365379 21375.04515838477 117 UCRKL000003_104 186 2363.51 21347.22 126.8267 1 241.41992801826896 2136.113257919239 12.321834999999998
3_104 single 50 105.31 4.84 2182.629224333529 21826.292243335287 114.5 UCRKL000003_104 186 2363.51 21347.22 126.8267 0 218.26292243335288 2182.629224333529 10.531
3_112 mixed 50 94.11 4.789999999999999 1962.6045118559564 15599.59221274794 118.5 UCRKL000003_112 162 2363.51 21347.22 126.8267 1 216.3057255927978 1847.3406106373973 11.046835
3_112 single 50 92.50999999999999 4.64 1963.4395153228468 19634.39515322847 124.5 UCRKL000003_112 162 2363.51 21347.22 126.8267 0 196.34395153228468 1963.439515322847 9.251
3_118 mixed 50 91.21000000000001 4.99 1819.8516679322302 17488.291730447047 113 UCRKL000003_118 189 2363.51 21347.22 126.8267 1 209.1680833966115 1941.7755865223523 10.901835
3_118 single 50 135.16 5.04 2665.4711493304812 24317.341973471826 113 UCRKL000003_118 189 2363.51 21347.22 126.8267 0 266.54711493304814 2431.7341973471825 13.516
3_139 mixed 50 148.01 4.54 3203.682399715803 32036.82399715803 108.5 UCRKL000003_139 191 2363.51 21347.22 126.8267 1 278.3596199857901 2669.2021998579016 13.741835
3_139 single 50 164.76 4.39 3766.617836420413 33701.38618816501 108.5 UCRKL000003_139 191 2363.51 21347.22 126.8267 0 376.6617836420413 3370.1386188165006 16.476
3_146 mixed 50 131.11 5.289999999999999 2483.4889815408997 23548.717470719617 117 UCRKL000003_146 193 2363.51 21347.22 126.8267 1 242.34994907704498 2244.796873535981 12.896835000000001
3_146 single 50 128.21 4.99 2498.243337739136 23371.104401356504 124 UCRKL000003_146 193 2363.51 21347.22 126.8267 0 249.82433377391362 2337.1104401356506 12.821000000000002
3_158 mixed 50 97.21000000000001 5.49 1778.176484463507 15011.527868678178 113 UCRKL000003_158 187 2363.51 21347.22 126.8267 1 207.08432422317537 1817.9373934339092 11.201834999999999
3_158 single 50 89.46 4.4399999999999995 1964.782179613704 16255.914281686171 118 UCRKL000003_158 187 2363.51 21347.22 126.8267 0 196.4782179613704 1625.591428168617 8.946
3_169 mixed 50 98.46000000000001 5.4399999999999995 1772.6139561343805 17726.139561343804 115.5 UCRKL000003_169 195 2363.51 21347.22 126.8267 1 206.80619780671904 1953.6679780671905 11.264334999999999
3_169 single 50 57.06 5.1899999999999995 1143.6343264845746 4224.829405570691 120.5 UCRKL000003_169 195 2363.51 21347.22 126.8267 0 114.36343264845746 422.4829405570691 5.706
3_186 mixed 50 57.31 4.89 1187.0961128938463 8018.7690621326165 113 UCRKL000003_186 162 2363.51 21347.22 126.8267 1 177.5303056446923 1468.299453106631 9.206835000000002
3_186 single 50 135.51 5.24 2603.8792739707433 26038.79273970743 118.5 UCRKL000003_186 162 2363.51 21347.22 126.8267 0 260.38792739707435 2603.8792739707433 13.550999999999998
3_196 mixed 50 103.96000000000001 5.24 1997.0235209640205 16888.231499065067 114.5 UCRKL000003_196 197 2363.51 21347.22 126.8267 1 218.02667604820104 1911.7725749532533 11.539335
3_196 single 50 73.16 4.789999999999999 1539.2720080684246 15392.720080684247 128.5 UCRKL000003_196 197 2363.51 21347.22 126.8267 0 153.92720080684245 1539.2720080684246 7.316
3_207 mixed 50 92.96000000000001 5.4399999999999995 1694.408267893848 16944.08267893848 117 UCRKL000003_207 199 2363.51 21347.22 126.8267 1 202.8959133946924 1914.565133946924 10.989335
3_207 single 50 50.36 4.79 1051.356993736952 10513.56993736952 124 UCRKL000003_207 199 2363.51 21347.22 126.8267 0 105.1356993736952 1051.356993736952 5.036
3_4 mixed 50 122.91000000000001 5.1899999999999995 2387.3637310885456 24370.726132633208 111.5 UCRKL000003_4 205 2363.51 21347.22 126.8267 1 237.54368655442732 2285.8973066316603 12.486835000000001
3_4 single 50 137.91 4.9399999999999995 2792.2817557879607 22344.6359876204 110 UCRKL000003_4 205 2363.51 21347.22 126.8267 0 279.2281755787961 2234.46359876204 13.791
3_41 mixed 50 147.86 5.6899999999999995 2608.4186849821267 25059.489095071694 115.5 UCRKL000003_41 203 2363.51 21347.22 126.8267 1 248.59643424910638 2320.3354547535846 13.734335000000002
3_41 single 50 72.76 4.89 1487.9345603271986 11903.476482617589 118 UCRKL000003_41 203 2363.51 21347.22 126.8267 0 148.79345603271986 1190.3476482617589 7.276000000000001
3_67 mixed 50 141.31 4.489999999999999 3179.8278260782226 28618.450434704002 113.5 UCRKL000003_67 207 2363.51 21347.22 126.8267 1 277.16689130391114 2498.2835217352003 13.406835000000001
3_67 single 50 132.20999999999998 5.79 2283.419689119171 22834.19689119171 117 UCRKL000003_67 207 2363.51 21347.22 126.8267 0 228.3419689119171 2283.419689119171 13.220999999999998
3_72 mixed 50 65.61 5.1899999999999995 1276.272123274114 12762.72123274114 115.5 UCRKL000003_72 208 2363.51 21347.22 126.8267 1 181.9891061637057 1705.497061637057 9.621835
3_72 single 50 95.66 5.24 1820.946160210825 13576.289133263594 121.5 UCRKL000003_72 208 2363.51 21347.22 126.8267 0 182.0946160210825 1357.6289133263595 9.565999999999999
3_79 mixed 50 121.01 5.39 2235.1842851775637 22351.842851775637 114.5 UCRKL000003_79 185 2363.51 21347.22 126.8267 1 229.9347142588782 2184.953142588782 12.391835
3_79 single 50 98.81 5.1899999999999995 1903.8535645472066 6190.558766859346 117 UCRKL000003_79 185 2363.51 21347.22 126.8267 0 190.38535645472066 619.0558766859347 9.881
3_87 mixed 50 176.36 4.9399999999999995 3568.8284544549224 30514.664912647386 114.5 UCRKL000003_87 198 2363.51 21347.22 126.8267 1 296.61692272274615 2593.094245632369 15.159335000000002
3_87 single 50 67.16 4.789999999999999 1392.3987408367934 13111.762959470141 117.5 UCRKL000003_87 198 2363.51 21347.22 126.8267 0 139.23987408367935 1311.176295947014 6.715999999999999
3_9 mixed 50 154.16 4.6899999999999995 3286.993603411514 32869.93603411514 112 UCRKL000003_9 200 2363.51 21347.22 126.8267 1 282.5251801705757 2710.857801705757 14.049335
3_9 single 50 107.00999999999999 4.6899999999999995 2255.0588246069583 21579.02647450781 119.5 UCRKL000003_9 200 2363.51 21347.22 126.8267 0 225.50588246069583 2157.902647450781 10.700999999999999
3_95 mixed 50 116.11000000000001 5.59 2111.3265466337266 18045.36194129088 118 UCRKL000003_95 210 2363.51 21347.22 126.8267 1 223.74182733168635 1969.629097064544 12.146835000000001
3_95 single 50 130.41 5.539999999999999 2350.0001630305424 17698.331545431723 124 UCRKL000003_95 210 2363.51 21347.22 126.8267 0 235.00001630305422 1769.8331545431724 13.041
45_3_2 mixed 0 89.31 4.539999999999999 1981.0772557115738 19810.772557115735 114.5 NA NA 2363.51 21347.22 126.8267 1 217.22936278557873 2057.899627855787 10.806835000000001
45_3_2 single 0 43.01 4.99 882.9386299974535 7898.217468805704 132 NA NA 2363.51 21347.22 126.8267 0 88.29386299974536 789.8217468805703 4.301
46_4_3 mixed 0 57.36 5.39 1105.2043878033705 10131.022267031742 111.5 NA NA 2363.51 21347.22 126.8267 1 173.43571939016854 1573.912113351587 9.209335
46_4_3 single 0 71.21 4.79 1486.6388308977037 9428.810020876828 112 NA NA 2363.51 21347.22 126.8267 0 148.66388308977037 942.8810020876829 7.1209999999999996
47_4 mixed 0 118.41000000000001 4.9399999999999995 2347.146134236093 23471.46134236093 118 NA NA 2363.51 21347.22 126.8267 1 235.53280671180465 2240.934067118046 12.261835000000001
47_4 single 0 118.41000000000001 5.34 2218.250207799222 16592.315462015707 124 NA NA 2363.51 21347.22 126.8267 0 221.82502077992223 1659.2315462015708 11.841000000000001
48_5 mixed 0 119.76 5.4399999999999995 2212.9397666868094 20029.898501592637 115.5 UCRKL0000048_5 "NA" 2363.51 21347.22 126.8267 1 228.8224883343405 2068.855925079632 12.329335
48_5 single 0 140.95999999999998 5.29 2664.650283553875 23981.852551984874 117 UCRKL0000048_5 "NA" 2363.51 21347.22 126.8267 0 266.4650283553875 2398.1852551984875 14.095999999999998
49_4 mixed 0 114.75999999999999 5.14 2254.103827811102 18499.32048669998 112 NA NA 2363.51 21347.22 126.8267 1 230.8806913905551 1992.3270243349991 12.079335
49_4 single 0 51.410000000000004 3.589999999999999 1454.2277199276293 14542.277199276294 124 NA NA 2363.51 21347.22 126.8267 0 145.42277199276293 1454.2277199276293 5.141
50_3 mixed 0 117.50999999999999 4.99 2389.8733311611777 17374.307424346647 114.5 UCRKL0000050_3 "NA" 2363.51 21347.22 126.8267 1 237.6691665580589 1936.0763712173325 12.216835
50_3 single 0 108.75999999999999 5.84 1875.735171003816 15319.054962679664 115.5 UCRKL0000050_3 "NA" 2363.51 21347.22 126.8267 0 187.5735171003816 1531.9054962679663 10.876
51_5_3 mixed 0 69.46000000000001 5.29 1313.0434782608695 9935.727788279773 105.5 NA NA 2363.51 21347.22 126.8267 1 183.8276739130435 1564.1473894139885 9.814335
51_5_3 single 0 18.41 4.4399999999999995 418.5794597559304 3616.2347456465104 105 NA NA 2363.51 21347.22 126.8267 0 41.85794597559304 361.623474564651 1.841
52_5_1 mixed 0 94.21000000000001 5.039999999999999 1889.726691219229 17804.942818375657 112 UCRKL0000052_5_1 "NA" 2363.51 21347.22 126.8267 1 212.66183456096147 1957.6081409187827 11.051835
52_5_1 single 0 81.06 4.49 1798.9459109384075 12773.77283487427 110 UCRKL0000052_5_1 "NA" 2363.51 21347.22 126.8267 0 179.89459109384075 1277.377283487427 8.106
53_5 mixed 0 121.56 4.89 2462.412633646908 21121.84442177642 108.5 NA NA 2363.51 21347.22 126.8267 1 241.29613168234542 2123.453221088821 12.419335
53_5 single 0 142.96 4.64 3093.1449196594062 22636.662625249104 108.5 NA NA 2363.51 21347.22 126.8267 0 309.31449196594065 2263.6662625249105 14.296000000000001
54_5 mixed 0 99.21000000000001 4.74 2093.231484822968 17801.64000160391 116.5 UCRKL0000054_5 "NA" 2363.51 21347.22 126.8267 1 222.8370742411484 1957.4430000801956 11.301835
54_5 single 0 124.41 5.039999999999999 2462.4844238916735 19871.752554481765 121 UCRKL0000054_5 "NA" 2363.51 21347.22 126.8267 0 246.24844238916734 1987.1752554481766 12.440999999999999
55_5_3 mixed 0 63.85999999999999 3.689999999999999 1730.6233062330623 17306.233062330622 117 NA NA 2363.51 21347.22 126.8267 1 204.70666531165313 1932.672653116531 9.534335
55_5_3 single 0 102.71000000000001 3.59 2839.1661023808965 28391.661023808967 115 NA NA 2363.51 21347.22 126.8267 0 283.9166102380897 2839.1661023808965 10.271
56_5 mixed 0 115.61000000000001 5.34 2172.71865820146 20503.10180359456 117.5 UCRKL0000056_5 "NA" 2363.51 21347.22 126.8267 1 226.81143291007302 2092.516090179728 12.121835
56_5 single 0 31.609999999999996 3.59 885.6384932138365 7909.272470132286 132.5 UCRKL0000056_5 "NA" 2363.51 21347.22 126.8267 0 88.56384932138364 790.9272470132286 3.1609999999999996
57_4_2 mixed 0 110.06 4.89 2241.7950412805603 21242.525081992753 115.5 NA NA 2363.51 21347.22 126.8267 1 230.26525206402803 2129.4872540996375 11.844335000000001
57_4_2 single 0 94.50999999999999 4.49 2106.018828690677 20032.301576667116 112 NA NA 2363.51 21347.22 126.8267 0 210.60188286906768 2003.2301576667116 9.450999999999999
58_3_3 mixed 0 117.75999999999999 5.039999999999999 2329.747490981821 20892.010428943893 117 NA NA 2363.51 21347.22 126.8267 1 234.66287454909107 2111.9615214471946 12.229335
58_3_3 single 0 94.21000000000001 4.24 2216.248588324961 18114.93343569716 115 NA NA 2363.51 21347.22 126.8267 0 221.6248588324961 1811.493343569716 9.421000000000001
59_5_1 mixed 0 46.11 5.1899999999999995 897.9802219132807 8979.80221913281 128 NA NA 2363.51 21347.22 126.8267 1 163.07451109566404 1516.3511109566405 8.646835
59_5_1 single 0 60.41 4.539999999999999 1324.0933309372435 10226.862757478473 117.5 NA NA 2363.51 21347.22 126.8267 0 132.40933309372434 1022.6862757478473 6.0409999999999995
60_4 mixed 0 112.66000000000001 4.9399999999999995 2306.1732243418055 21486.993203752085 105.5 UCRKL0000060_4 "NA" 2363.51 21347.22 126.8267 1 233.48416121709027 2141.7106601876044 11.974335
60_4 single 0 66.26 4.289999999999999 1624.2173341978819 16242.17334197882 106 UCRKL0000060_4 "NA" 2363.51 21347.22 126.8267 0 162.42173341978818 1624.2173341978819 6.626
61_5_3 mixed 0 126.06 4.64 2699.8195702663106 20606.997658653327 115.5 NA NA 2363.51 21347.22 126.8267 1 253.16647851331555 2097.7108829326667 12.644335000000002
61_5_3 single 0 110.71 5.1899999999999995 2030.7845429319432 16597.633337192496 124 NA NA 2363.51 21347.22 126.8267 0 203.0784542931943 1659.7633337192497 11.071
62_5 mixed 0 103.06 4.1899999999999995 2459.6658711217187 24596.658711217187 106 NA NA 2363.51 21347.22 126.8267 1 241.15879355608595 2297.1939355608592 11.494335000000001
62_5 single 0 45.81 4.039999999999999 1144.3222154317218 9786.827045946999 106.5 NA NA 2363.51 21347.22 126.8267 0 114.43222154317218 978.6827045946999 4.581
63_4 mixed 0 114.81 4.79 2396.8684759916496 23968.684759916494 111.5 UCRKL0000063_4 "NA" 2363.51 21347.22 126.8267 1 238.0189237995825 2265.7952379958247 12.081835000000002
63_4 single 0 111.06 4.59 2435.6204975757546 21805.245487484623 117 UCRKL0000063_4 "NA" 2363.51 21347.22 126.8267 0 243.56204975757547 2180.524548748462 11.106
64_5_1 mixed 0 119.76000000000002 5.59 2132.0067481697033 18412.46874809928 118 NA NA 2363.51 21347.22 126.8267 1 224.7758374084852 1987.984437404964 12.329335
64_5_1 single 0 124.96000000000001 4.89 2473.4097911232766 21274.62455042734 113 NA NA 2363.51 21347.22 126.8267 0 247.34097911232766 2127.462455042734 12.496
65_2 mixed 0 162.01 5.09 3182.6436875684485 31826.436875684485 110 UCRKL0000065_2 "NA" 2363.51 21347.22 126.8267 1 277.30768437842244 2658.682843784224 14.441835000000001
65_2 single 0 101.96000000000001 3.69 2705.9281664078003 23264.295746910324 110 UCRKL0000065_2 "NA" 2363.51 21347.22 126.8267 0 270.59281664078003 2326.4295746910325 10.196000000000002
66_5 mixed 0 78.36000000000001 5.039999999999999 1550.942873757373 14706.46027746241 113.5 UCRKL0000066_5 "NA" 2363.51 21347.22 126.8267 1 195.72264368786867 1802.6840138731204 10.259335000000002
66_5 single 0 69.96000000000001 4.539999999999999 1553.0712852917322 13384.251375727936 111 UCRKL0000066_5 "NA" 2363.51 21347.22 126.8267 0 155.3071285291732 1338.4251375727936 6.996
67_3_3 mixed 0 87.56 4.89 1798.831065052862 15088.644512406863 113 NA NA 2363.51 21347.22 126.8267 1 208.1170532526431 1821.7932256203433 10.719335000000001
67_3_3 single 0 43.86 4.4399999999999995 1005.6492527080763 10056.492527080763 132 NA NA 2363.51 21347.22 126.8267 0 100.56492527080763 1005.6492527080763 4.386
68_3_1 mixed 0 111.36 5.539999999999999 2008.9523641944534 20089.523641944535 111 UCRKL0000068_3_1 "NA" 2363.51 21347.22 126.8267 1 218.6231182097227 2071.837182097227 11.909335
68_3_1 single 0 36.26 3.689999999999999 982.6558265582656 8289.430894308944 111 UCRKL0000068_3_1 "NA" 2363.51 21347.22 126.8267 0 98.26558265582656 828.9430894308944 3.626
69_5_1 mixed 0 63.61 3.9399999999999995 1572.0802530221008 12360.659332130315 115.5 NA NA 2363.51 21347.22 126.8267 1 196.77951265110505 1685.3939666065157 9.521835
69_5_1 single 0 52.46 4.4399999999999995 1163.761293173058 8465.210171092525 137 NA NA 2363.51 21347.22 126.8267 0 116.3761293173058 846.5210171092525 5.246
7_10 mixed 58 105.00999999999999 5.34 1958.47731556061 15098.070059066935 116.5 UCRKL000007_10 203 2363.51 21347.22 126.8267 1 216.09936577803052 1822.264502953347 11.591835
7_10 single 58 103.11000000000001 4.6899999999999995 2179.763913089698 20781.013214026563 124.5 UCRKL000007_10 203 2363.51 21347.22 126.8267 0 217.97639130896977 2078.101321402656 10.311000000000002
7_100 mixed 58 92.66 4.99 1841.642718086586 12097.682395476037 118.5 UCRKL000007_100 185 2363.51 21347.22 126.8267 1 210.2576359043293 1672.2451197738017 10.974335
7_100 single 58 82.21000000000001 5.14 1592.6253262669006 13653.668016562424 118.5 UCRKL000007_100 185 2363.51 21347.22 126.8267 0 159.26253262669007 1365.3668016562424 8.221
7_102 mixed 58 71.61 4.74 1503.300052360473 13630.722619276712 118 UCRKL000007_102 203 2363.51 21347.22 126.8267 1 193.34050261802366 1748.8971309638357 9.921835
7_102 single 58 97.66 4.39 2273.1536565840493 21861.390428053433 120.5 UCRKL000007_102 203 2363.51 21347.22 126.8267 0 227.31536565840491 2186.1390428053433 9.766
7_105 mixed 58 112.11 5.039999999999999 2244.3912164594467 22443.91216459447 112.5 UCRKL000007_105 211 2363.51 21347.22 126.8267 1 230.39506082297234 2189.5566082297237 11.946835
7_105 single 58 184.61 5.64 3274.765234953802 21430.57277952377 118 UCRKL000007_105 211 2363.51 21347.22 126.8267 0 327.4765234953802 2143.057277952377 18.461000000000002
7_11 mixed 58 117.36 5.29 2218.525519848771 19917.58034026465 118.5 UCRKL000007_11 59 2363.51 21347.22 126.8267 1 229.10177599243858 2063.2400170132323 12.209335
7_11 single 58 48.410000000000004 4.89 1061.5397353102271 10137.073127237061 118.5 UCRKL000007_11 59 2363.51 21347.22 126.8267 0 106.15397353102271 1013.7073127237061 4.841
7_115 mixed 58 153.76 5.64 2724.820558931811 9616.992432507208 114.5 UCRKL000007_115 162 2363.51 21347.22 126.8267 1 254.41652794659058 1548.2106216253603 14.029335
7_115 single 58 111.41 5.789999999999999 1929.363760327743 18479.036584601705 124.5 UCRKL000007_115 162 2363.51 21347.22 126.8267 0 192.9363760327743 1847.9036584601704 11.141
7_118 mixed 58 122.21 5.74 2135.173693301772 21351.73693301772 117 UCRKL000007_118 212 2363.51 21347.22 126.8267 1 224.9341846650886 2134.947846650886 12.451834999999999
7_118 single 58 92.16 5.39 1703.6040782174846 16352.1088351049 115.5 UCRKL000007_118 212 2363.51 21347.22 126.8267 0 170.36040782174845 1635.21088351049 9.216
7_119 mixed 58 111.86000000000001 5.34 2060.4681225298536 19371.00246882185 118.5 UCRKL000007_119 213 2363.51 21347.22 126.8267 1 221.1989061264927 2035.9111234410927 11.934335
7_119 single 58 44.209999999999994 5.24 840.1022777391006 8043.851854011831 117.5 UCRKL000007_119 213 2363.51 21347.22 126.8267 0 84.01022777391006 804.3851854011831 4.420999999999999
7_12 mixed 58 121.86000000000001 4.89 2472.74181994881 24727.418199488107 117.5 UCRKL000007_12 214 2363.51 21347.22 126.8267 1 241.8125909974405 2303.7319099744054 12.434335
7_12 single 58 100.91 5.24 1916.653848537093 18049.09878221694 116 UCRKL000007_12 214 2363.51 21347.22 126.8267 0 191.6653848537093 1804.909878221694 10.091
7_126 mixed 58 109.96000000000001 4.539999999999999 2418.098801015086 22793.6241757282 113 UCRKL000007_126 154 2363.51 21347.22 126.8267 1 239.0804400507543 2207.04220878641 11.839335
7_126 single 58 50.51 3.9399999999999995 1259.9161767274 9731.608359043019 124 UCRKL000007_126 154 2363.51 21347.22 126.8267 0 125.99161767273999 973.1608359043018 5.051
7_131 mixed 58 166.45999999999998 5.39 3088.311688311688 30883.116883116883 118 UCRKL000007_131 215 2363.51 21347.22 126.8267 1 272.5910844155844 2611.5168441558444 14.664335
7_131 single 58 81.31 5.49 1474.2175643176643 11197.427626992574 124.5 UCRKL000007_131 215 2363.51 21347.22 126.8267 0 147.42175643176643 1119.7427626992574 8.131
7_14 mixed 58 105.86 5.59 1892.4883395597046 14368.417093229105 117.5 UCRKL000007_14 218 2363.51 21347.22 126.8267 1 212.79991697798522 1785.781854661455 11.634335
7_14 single 58 90.46 5.34 1668.9970512879095 13285.648312486164 117.5 UCRKL000007_14 218 2363.51 21347.22 126.8267 0 166.89970512879094 1328.5648312486164 9.046
7_141 mixed 58 140.51 5.14 2733.3579946200452 21866.863956960362 112 UCRKL000007_141 216 2363.51 21347.22 126.8267 1 254.84339973100228 2160.7041978480183 13.366835
7_141 single 58 67.91 4.14 1583.7592774327 15837.592774327 115.5 UCRKL000007_141 216 2363.51 21347.22 126.8267 0 158.37592774326998 1583.7592774327 6.7909999999999995
7_149 mixed 58 135.76 6.04 2241.311289954996 17194.632761380704 115 UCRKL000007_149 217 2363.51 21347.22 126.8267 1 230.24106449774982 1927.0926380690355 13.129335000000001
7_149 single 58 165.66 4.79 3458.455114822547 34584.551148225466 117 UCRKL000007_149 217 2363.51 21347.22 126.8267 0 345.84551148225466 3458.4551148225464 16.566
7_152 mixed 58 75.56 4.9399999999999995 1491.1449646020978 13962.430038177841 119 UCRKL000007_152 121 2363.51 21347.22 126.8267 1 192.7327482301049 1765.4825019088923 10.119335000000001
7_152 single 58 77.86 5.6899999999999995 1353.9298673644546 13539.298673644547 123 UCRKL000007_152 121 2363.51 21347.22 126.8267 0 135.39298673644547 1353.9298673644548 7.786
7_158 mixed 58 135.91 5.6899999999999995 2388.16029143898 23881.6029143898 114 UCRKL000007_158 219 2363.51 21347.22 126.8267 1 237.58351457194902 2261.44114571949 13.136835
7_158 single 58 48.709999999999994 5.09 960.0083763567548 8614.337661117659 111 UCRKL000007_158 219 2363.51 21347.22 126.8267 0 96.00083763567548 861.4337661117659 4.8709999999999996
7_163 mixed 58 110.76 3.99 2763.039830045066 26506.23377602907 115 NA NA 2363.51 21347.22 126.8267 1 256.32749150225334 2392.6726888014537 11.879335000000001
7_163 single 58 146.91 3.9399999999999995 3724.1914184914367 37241.91418491436 118 NA NA 2363.51 21347.22 126.8267 0 372.41914184914367 3724.1914184914363 14.690999999999999
7_165 mixed 58 147.35999999999999 5.34 2762.7299240868842 27627.299240868844 115.5 UCRKL000007_165 221 2363.51 21347.22 126.8267 1 256.3119962043442 2448.7259620434425 13.709335
7_165 single 58 141.01 5.539999999999999 2548.862299643848 25488.622996438477 112.5 UCRKL000007_165 221 2363.51 21347.22 126.8267 0 254.8862299643848 2548.8622996438476 14.100999999999999
7_167 mixed 58 154.16 5.4399999999999995 2830.734241038691 25140.493594357766 112 UCRKL000007_167 222 2363.51 21347.22 126.8267 1 259.71221205193456 2324.3856797178883 14.049335
7_167 single 58 158.36 5.6899999999999995 2770.7230046366703 22401.071049151185 111 UCRKL000007_167 222 2363.51 21347.22 126.8267 0 277.07230046366703 2240.1071049151187 15.836000000000002
7_170 mixed 58 91.16 4.739999999999999 1918.9755903789764 17351.0031198254 113 NA NA 2363.51 21347.22 126.8267 1 214.12427951894884 1934.91115599127 10.899334999999999
7_170 single 58 106.91000000000001 5.4399999999999995 1994.981184957467 19183.31789447968 118 NA NA 2363.51 21347.22 126.8267 0 199.4981184957467 1918.3317894479678 10.691
7_173 mixed 58 80.86 4.79 1579.9124427918914 15799.124427918912 118 UCRKL000007_173 224 2363.51 21347.22 126.8267 1 197.1711221395946 1857.3172213959456 10.384335
7_173 single 58 115.46 4.9399999999999995 2300.029240849879 17676.10940196284 114 UCRKL000007_173 224 2363.51 21347.22 126.8267 0 230.0029240849879 1767.610940196284 11.546
7_174 mixed 58 81.41 5.09 1613.2877946196281 14242.70781387114 115 UCRKL000007_174 225 2363.51 21347.22 126.8267 1 198.8398897309814 1779.4963906935568 10.411835
7_174 single 58 88.66 5.039999999999999 1723.0829672488305 13528.661737919214 117.5 UCRKL000007_174 225 2363.51 21347.22 126.8267 0 172.30829672488306 1352.8661737919215 8.866
7_176 mixed 58 123.96000000000001 5.39 2300.571928338516 21875.84678793889 111.5 UCRKL000007_176 219 2363.51 21347.22 126.8267 1 233.2040964169258 2161.153339396945 12.539335
7_176 single 58 109.11000000000001 5.9399999999999995 1884.52835662138 15076.22685297104 114.5 UCRKL000007_176 219 2363.51 21347.22 126.8267 0 188.452835662138 1507.622685297104 10.911000000000001
7_177 mixed 58 83.96000000000001 4.84 1725.0558964844681 16430.51234479806 115.5 UCRKL000007_177 226 2363.51 21347.22 126.8267 1 204.42829482422343 1888.886617239903 10.539335
7_177 single 58 125.06 4.54 2782.469305225047 24409.45296874316 122.5 UCRKL000007_177 226 2363.51 21347.22 126.8267 0 278.24693052250467 2440.9452968743162 12.506
7_18 mixed 58 103.36 5.54 1849.5136977580141 14409.517419708707 118 NA NA 2363.51 21347.22 126.8267 1 210.6511848879007 1787.8368709854353 11.509335
7_18 single 58 83.61000000000001 4.64 1801.9765565789903 17118.20654574536 114 NA NA 2363.51 21347.22 126.8267 0 180.19765565789902 1711.820654574536 8.361
7_181 mixed 58 114.16 5.239999999999999 2178.485933615866 21784.85933615866 114.5 NA NA 2363.51 21347.22 126.8267 1 227.0997966807933 2156.603966807933 12.049335
7_181 single 58 97.71000000000001 5.4399999999999995 1815.8141755640668 17464.292897995678 121.5 NA NA 2363.51 21347.22 126.8267 0 181.58141755640668 1746.4292897995679 9.771
7_184 mixed 58 135.91 5.39 2506.6191104142654 21005.0512077696 112 UCRKL000007_184 222 2363.51 21347.22 126.8267 1 243.50645552071327 2117.6135603884804 13.136835
7_184 single 58 152.11 5.34 2894.384224970067 26049.4580247306 110.5 UCRKL000007_184 222 2363.51 21347.22 126.8267 0 289.4384224970067 2604.94580247306 15.211000000000002
7_187 mixed 58 115.91 5.04 2332.16215256264 19309.68621616395 118 UCRKL000007_187 229 2363.51 21347.22 126.8267 1 234.783607628132 2032.8453108081976 12.136835
7_187 single 58 116.00999999999999 4.9399999999999995 2364.8518729671755 20914.923444799457 113.5 UCRKL000007_187 229 2363.51 21347.22 126.8267 0 236.48518729671756 2091.4923444799456 11.600999999999999
7_190 mixed 58 120.10999999999999 5.1899999999999995 2290.2982216752616 8964.446518268449 115.5 UCRKL000007_190 121 2363.51 21347.22 126.8267 1 232.69041108376308 1515.5833259134226 12.346834999999999
7_190 single 58 35.959999999999994 5.59 644.1801968078801 6441.8019680788 118.5 UCRKL000007_190 121 2363.51 21347.22 126.8267 0 64.418019680788 644.1801968078801 3.595999999999999
7_198 mixed 58 93.16000000000001 5.39 1749.312872904754 16307.797780925894 114.5 UCRKL000007_198 231 2363.51 21347.22 126.8267 1 205.64114364523772 1882.7508890462948 10.999335
7_198 single 58 151.71 5.74 2668.514983921258 25513.421244705314 118 UCRKL000007_198 231 2363.51 21347.22 126.8267 0 266.8514983921258 2551.3421244705314 15.171000000000001
7_20 mixed 58 106.66 4.79 2123.4655703464778 21234.655703464774 115.5 UCRKL000007_20 235 2363.51 21347.22 126.8267 1 224.3487785173239 2129.0937851732388 11.674335
7_20 single 58 135.96 3.9899999999999998 3411.909822907215 34119.09822907215 117.5 UCRKL000007_20 235 2363.51 21347.22 126.8267 0 341.19098229072154 3411.909822907215 13.596
7_207 mixed 58 141.06 5.4399999999999995 2588.6824398684776 25886.824398684777 114.5 UCRKL000007_207 234 2363.51 21347.22 126.8267 1 247.6096219934239 2361.702219934239 13.394335000000002
7_207 single 58 127.11000000000001 4.9399999999999995 2584.562324627893 24439.8663166414 124 UCRKL000007_207 234 2363.51 21347.22 126.8267 0 258.4562324627893 2443.98663166414 12.711000000000002
7_211 mixed 58 101.56 5.09 1985.8451142526897 18745.407664266026 115.5 UCRKL000007_211 121 2363.51 21347.22 126.8267 1 217.46775571263453 2004.6313832133012 11.419335
7_211 single 58 109.51 4.9399999999999995 2217.1824221039215 22171.824221039216 129 UCRKL000007_211 121 2363.51 21347.22 126.8267 0 221.71824221039213 2217.1824221039215 10.951
7_214 mixed 58 171.01 5.34 3195.98744959306 31959.8744959306 112 UCRKL000007_214 221 2363.51 21347.22 126.8267 1 277.974872479653 2665.35472479653 14.891835
7_214 single 58 110.76 5.64 1975.271100540786 19752.71100540786 112 UCRKL000007_214 221 2363.51 21347.22 126.8267 0 197.5271100540786 1975.271100540786 11.076
7_219 mixed 58 103.66 5.74 1805.304318259096 7201.836110166611 113 UCRKL000007_219 221 2363.51 21347.22 126.8267 1 208.44071591295477 1427.4528055083306 11.524334999999999
7_219 single 58 99.51 5.59 1773.548854303851 16940.86887699027 112 UCRKL000007_219 221 2363.51 21347.22 126.8267 0 177.35488543038508 1694.0868876990269 9.951
7_31 mixed 58 85.46000000000001 4.49 1934.6432318179234 19346.432318179235 117.5 UCRKL000007_31 113 2363.51 21347.22 126.8267 1 214.90766159089617 2034.682615908962 10.614335
7_31 single 58 100.06 4.79 2088.935281837161 18800.41753653445 118 UCRKL000007_31 113 2363.51 21347.22 126.8267 0 208.89352818371609 1880.0417536534449 10.006
7_34 mixed 58 110.71000000000001 5.14 2134.7102912488454 20420.589342551084 109.5 UCRKL000007_34 236 2363.51 21347.22 126.8267 1 224.9110145624423 2088.3904671275545 11.876835
7_34 single 58 80.50999999999999 4.789999999999999 1666.8537243667727 16168.963682900136 112.5 UCRKL000007_34 236 2363.51 21347.22 126.8267 0 166.68537243667726 1616.8963682900135 8.050999999999998
7_38 mixed 58 122.66 5.24 2343.4385596847214 22398.846844484266 112.5 NA NA 2363.51 21347.22 126.8267 1 235.34742798423608 2187.3033422242133 12.474335
7_38 single 58 139.56 6.14 2294.6246517160716 21608.94081767885 118 NA NA 2363.51 21347.22 126.8267 0 229.46246517160716 2160.894081767885 13.956
7_40 mixed 58 84.46000000000001 5.039999999999999 1708.1438817046496 15994.445213634983 117 UCRKL000007_40 59 2363.51 21347.22 126.8267 1 203.5826940852325 1867.0832606817494 10.564335
7_40 single 58 61.21000000000001 4.6899999999999995 1305.1172707889127 11394.669509594883 118 UCRKL000007_40 59 2363.51 21347.22 126.8267 0 130.51172707889128 1139.4669509594883 6.121
7_44 mixed 58 59.71 4.49 1252.8299296902408 12528.299296902407 112.5 UCRKL000007_44 238 2363.51 21347.22 126.8267 1 180.81699648451203 1693.7759648451204 9.326834999999999
7_44 single 58 104.11000000000001 4.6899999999999995 2218.0795060107876 19976.39408211277 112 UCRKL000007_44 238 2363.51 21347.22 126.8267 0 221.80795060107874 1997.639408211277 10.411000000000001
7_51 mixed 58 131.86 5.039999999999999 2608.5940052994006 24394.780917434087 115.5 UCRKL000007_51 228 2363.51 21347.22 126.8267 1 248.60520026497005 2287.1000458717044 12.934335
7_51 single 58 86.25999999999999 5.289999999999999 1699.7633776279622 16350.945569494485 119 UCRKL000007_51 228 2363.51 21347.22 126.8267 0 169.97633776279622 1635.0945569494484 8.626
7_53 mixed 58 98.46000000000001 4.89 2005.8058517074912 20058.05851707491 118 UCRKL000007_53 239 2363.51 21347.22 126.8267 1 218.46579258537457 2070.2639258537456 11.264334999999999
7_53 single 58 76.66 4.84 1597.3926531100583 14376.533877990525 122.5 UCRKL000007_53 239 2363.51 21347.22 126.8267 0 159.73926531100582 1437.6533877990526 7.6659999999999995
7_58 mixed 58 120.91 4.54 2610.181954440827 24315.18071351057 112 NA NA 2363.51 21347.22 126.8267 1 248.68459772204136 2283.1200356755285 12.386835
7_58 single 58 107.50999999999999 4.64 2325.459072517896 23254.59072517896 112 NA NA 2363.51 21347.22 126.8267 0 232.5459072517896 2325.459072517896 10.751
7_65 mixed 58 53.61000000000001 5.239999999999999 994.99144007505015 8345.904924603306 114.5 UCRKL000007_65 241 2363.51 21347.22 126.8267 1 167.92507200375252 1484.6562462301654 9.021835
7_65 single 58 116.66 5.539999999999999 2107.1696465520336 19118.923656933574 121 UCRKL000007_65 241 2363.51 21347.22 126.8267 0 210.71696465520336 1911.8923656933573 11.666
7_67 mixed 58 148.11 5.489999999999999 2777.8391507556016 25879.226232096913 118 UCRKL000007_67 188 2363.51 21347.22 126.8267 1 257.0674575377801 2361.3223116048457 13.746835
7_67 single 58 40.76 4.49 895.1779604577506 8463.725654673844 124 UCRKL000007_67 188 2363.51 21347.22 126.8267 0 89.51779604577506 846.3725654673844 4.076
7_7 mixed 58 114.50999999999999 5.24 2188.5464241063455 19810.139565738784 114.5 UCRKL000007_7 243 2363.51 21347.22 126.8267 1 227.6028212053173 2057.8679782869394 12.066835000000001
7_7 single 58 147.96 5.739999999999999 2571.8802740450847 24366.04814946587 118.5 UCRKL000007_7 243 2363.51 21347.22 126.8267 0 257.1880274045085 2436.604814946587 14.796000000000001
7_74 mixed 58 70.66 5.1899999999999995 1334.6273760434478 9371.497535954944 117 NA NA 2363.51 21347.22 126.8267 1 184.9068688021724 1535.9358767977471 9.874334999999999
7_74 single 58 112.60999999999999 5.539999999999999 2082.4358584322076 19389.2911469425 121 NA NA 2363.51 21347.22 126.8267 0 208.24358584322076 1938.92911469425 11.261
7_81 mixed 58 85.06 5.49 1530.2797522356498 13510.607369555139 115.5 UCRKL000007_81 107 2363.51 21347.22 126.8267 1 194.68948761178248 1742.891368477757 10.594335000000001
7_81 single 58 111.31 5.39 2133.7573217655568 20006.44315368968 122 UCRKL000007_81 107 2363.51 21347.22 126.8267 0 213.3757321765557 2000.6443153689681 11.131
7_84 mixed 58 101.66 5.1899999999999995 1958.766859344894 13905.58766859345 117 UCRKL000007_84 244 2363.51 21347.22 126.8267 1 216.11384296724472 1762.6403834296725 11.424335
7_84 single 58 99.56 5.14 1897.6866243787454 17079.179619408707 120.5 UCRKL000007_84 244 2363.51 21347.22 126.8267 0 189.76866243787453 1707.9179619408708 9.956
7_86 mixed 58 121.31 5.1899999999999995 2359.3342529214274 23593.342529214275 115.5 UCRKL000007_86 203 2363.51 21347.22 126.8267 1 236.1422126460714 2247.028126460714 12.406835000000001
7_86 single 58 104.75999999999999 4.89 2127.7896084444465 21277.896084444463 119 UCRKL000007_86 203 2363.51 21347.22 126.8267 0 212.77896084444464 2127.7896084444465 10.475999999999999
7_87 mixed 58 135.81 5.14 2619.855041050154 23250.280829445073 111 UCRKL000007_87 245 2363.51 21347.22 126.8267 1 249.1682520525077 2229.8750414722535 13.131835
7_87 single 58 80.71 4.89 1659.2973002372178 14748.484024416266 117 UCRKL000007_87 245 2363.51 21347.22 126.8267 0 165.9297300237218 1474.8484024416266 8.071
7_93 mixed 58 108.31 5.489999999999999 1972.859744990893 12304.553734061934 117.5 UCRKL000007_93 185 2363.51 21347.22 126.8267 1 216.81848724954466 1682.5886867030968 11.756835
7_93 single 58 132.91 5.04 2679.4712519387035 25027.90667387555 124.5 UCRKL000007_93 185 2363.51 21347.22 126.8267 0 267.94712519387036 2502.790667387555 13.291
7_94 mixed 58 152.35999999999999 5.14 2979.2083537728495 27033.24929364835 113.5 UCRKL000007_94 233 2363.51 21347.22 126.8267 1 267.1359176886425 2419.0234646824174 13.959335
7_94 single 58 125.46000000000001 5.49 2293.2064613127736 20201.823425743692 124 UCRKL000007_94 233 2363.51 21347.22 126.8267 0 229.32064613127736 2020.1823425743692 12.546000000000001
7_95 mixed 58 88.55999999999999 5.4399999999999995 1606.4042257474357 13588.049818911033 122 UCRKL000007_95 59 2363.51 21347.22 126.8267 1 198.4957112873718 1746.763490945552 10.769335
7_95 single 58 148.61 5.34 2765.4333153204702 26375.60104686523 117.5 UCRKL000007_95 59 2363.51 21347.22 126.8267 0 276.54333153204703 2637.560104686523 14.861
7_96 mixed 58 124.06 5.84 2133.135349013456 17477.16629801634 120.5 UCRKL000007_96 187 2363.51 21347.22 126.8267 1 224.83226745067282 1941.219314900817 12.544335
7_96 single 58 94.75999999999999 5.49 1740.7663097464795 17407.663097464792 121.5 UCRKL000007_96 187 2363.51 21347.22 126.8267 0 174.07663097464794 1740.7663097464792 9.475999999999999
7_97 mixed 58 90.46 4.29 2108.624708624709 18977.62237762238 114 UCRKL000007_97 107 2363.51 21347.22 126.8267 1 223.60673543123548 2016.242118881119 10.864335
7_97 single 58 109.46000000000001 5.1899999999999995 2202.635079685679 20795.067844308458 119 UCRKL000007_97 107 2363.51 21347.22 126.8267 0 220.26350796856792 2079.506784430846 10.946000000000002
7_98 mixed 58 109.31 5.59 1960.3391820789018 16580.994964207486 112 UCRKL000007_98 246 2363.51 21347.22 126.8267 1 216.1924591039451 1896.4107482103743 11.806835000000001
7_98 single 58 159.51 5.24 2953.5202585938046 26581.682327344242 112 UCRKL000007_98 246 2363.51 21347.22 126.8267 0 295.35202585938043 2658.1682327344242 15.950999999999999
70_4_1 mixed 0 78.16 4.54 1676.211610240838 15512.011718274767 114 UCRKL0000070_4_1 "NA" 2363.51 21347.22 126.8267 1 201.98608051204192 1842.9615859137382 10.249334999999999
70_4_1 single 0 53.31 3.6399999999999997 1459.6971151282464 10217.879805897726 132 UCRKL0000070_4_1 "NA" 2363.51 21347.22 126.8267 0 145.96971151282463 1021.7879805897726 5.331
71_5 mixed 0 99.56 5.539999999999999 1798.0162975030344 17073.997271754815 115 UCRKL0000071_5 "NA" 2363.51 21347.22 126.8267 1 208.07631487515172 1921.0608635877409 11.319335
71_5 single 0 97.66 7.589999999999999 1286.6930171278 12866.930171278 118 UCRKL0000071_5 "NA" 2363.51 21347.22 126.8267 0 128.66930171278 1286.6930171278 9.766
72_7_1 mixed 0 78.56 5.1899999999999995 1513.680154142582 12109.441233140657 112 NA NA 2363.51 21347.22 126.8267 1 193.85950770712913 1672.8330616570329 10.269335000000002
72_7_1 single 0 37.11 4.04 897.2391113619773 8649.51193624188 136.5 NA NA 2363.51 21347.22 126.8267 0 89.72391113619773 864.9511936241881 3.711
