Genotypes Condition Generation total_seed_mass_g 100_seed_weight Fecundity Fitness Flowering_Date Haplotype Atlas_Avg_Fec Atlas_Avg_Fit Atlas_Avg_TW
1_100 mixed 18 69.85571428571428 4.358121921754485 1587.774707041105 15309.702757051145 103.5 30 2363.51 21347.22 126.8267
1_103 mixed 18 40.62571428571428 4.5639345013168455 889.359129340883 8004.2321640679465 101 32 2363.51 21347.22 126.8267
1_104 mixed 18 61.38071428571429 4.364535100821509 1413.424053953745 11488.30907827293 106.5 33 2363.51 21347.22 126.8267
1_105_1 mixed 18 52.975714285714304 4.39904761904762 1201.4742926680035 10813.26863401203 104 NA 2363.51 21347.22 126.8267
1_107 mixed 18 54.0657142857143 4.764133952441255 1135.01373616155 8007.09888027714 103.5 35 2363.51 21347.22 126.8267
1_110 mixed 18 96.70571428571431 4.788504403904005 2014.0731104257902 20140.731104257902 94 32 2363.51 21347.22 126.8267
1_112_2 mixed 18 113.69071428571431 4.656497386109035 2441.060871098465 18367.926224836727 101 NA 2363.51 21347.22 126.8267
1_113 mixed 18 76.9757142857143 4.717368078781121 1624.987420896495 13592.13775268031 102 39 2363.51 21347.22 126.8267
1_114_2 mixed 18 41.7007142857142 4.34947667534928 961.3326152613356 9293.376139897991 102 NA 2363.51 21347.22 126.8267
1_116 mixed 18 71.8557142857142 4.6685943887030845 1546.44680180828 15464.4680180828 106.5 41 2363.51 21347.22 126.8267
1_118 mixed 18 61.9007142857142 4.459153244362635 1352.8467621446575 10613.257346585186 108 NA 2363.51 21347.22 126.8267
1_120 mixed 18 78.20571428571421 4.1511596063329055 1989.7763402299595 18390.0876920532 101.5 45 2363.51 21347.22 126.8267
1_124 mixed 18 79.5057142857142 4.994985621854781 1586.3051482083101 15863.0514820831 102.5 47 2363.51 21347.22 126.8267
1_126 mixed 18 80.550714285714207 4.814504442925495 1679.925607516915 14330.41222516058 104 42 2363.51 21347.22 126.8267
1_128 mixed 18 77.5057142857142 4.5962452450212545 1699.21141808916 15520.887725065599 101.5 50 2363.51 21347.22 126.8267
1_130 mixed 18 102.3157142857142 4.802965680984245 2134.48615358786 15750.714715228305 104 51 2363.51 21347.22 126.8267
1_131 mixed 18 58.7257142857142 4.38691588785047 1338.65603505995 13386.5603505995 110 52 2363.51 21347.22 126.8267
1_133 mixed 18 85.2557142857142 4.866148918432716 1728.4158325316598 17284.1583253166 106.5 53 2363.51 21347.22 126.8267
1_134 mixed 18 98.32571428571418 5.042307692307695 1932.915737620515 16738.471972961426 104 54 2363.51 21347.22 126.8267
1_135 mixed 18 34.2107142857142 4.596728778467909 752.039902549968 5099.402259269005 105.5 55 2363.51 21347.22 126.8267
1_136 mixed 18 58.0757142857142 4.486127707244215 1287.6478739209301 11035.40618353448 103 56 2363.51 21347.22 126.8267
1_137 mixed 18 78.8057142857142 4.68464196251188 1694.8989179969806 15019.342783839104 103 NA 2363.51 21347.22 126.8267
1_14 mixed 18 86.10571428571416 4.746405257980864 1802.4526796853552 16909.27331151696 103 64 2363.51 21347.22 126.8267
1_147_1 mixed 18 38.5907142857141 3.886118892001245 946.83686128629 8846.472093401824 103.5 NA 2363.51 21347.22 126.8267
1_148 mixed 18 87.1057142857141 4.76455996352029 1831.36771411537 15633.054155707832 109 62 2363.51 21347.22 126.8267
1_156 mixed 18 31.530714285714097 3.9900844277673553 782.580045313929 7343.457652517562 106.5 66 2363.51 21347.22 126.8267
1_157 mixed 18 52.630714285714106 4.4943756449948395 1129.742677006536 9928.887765957888 105 67 2363.51 21347.22 126.8267
1_158 mixed 18 45.875714285714096 3.55022222222222 1292.19275341583 6460.963767079151 102 31 2363.51 21347.22 126.8267
1_16_2 mixed 18 66.3807142857141 4.924188626907075 1316.7210134913125 13167.210134913126 102 NA 2363.51 21347.22 126.8267
1_162_3 mixed 18 39.8957142857141 4.360784313725491 916.8063851861104 8340.756885060304 103.5 NA 2363.51 21347.22 126.8267
1_165_3 mixed 18 101.7057142857141 5.19929858788554 1946.864424248975 18273.743766645974 105 NA 2363.51 21347.22 126.8267
1_169 mixed 18 90.09071428571411 5.044117647058824 1780.11644883203 16972.459131177446 104 69 2363.51 21347.22 126.8267
1_17_2 mixed 18 55.795714285714105 4.969127274369045 1045.7127240583804 4837.282882206198 94 NA 2363.51 21347.22 126.8267
1_172_2 mixed 18 74.3907142857141 5.00765915119363 1487.839618446215 10730.31859493579 108 NA 2363.51 21347.22 126.8267
1_174 mixed 18 89.1307142857141 4.859895808666825 1807.9034426180851 13075.554036720489 105 NA 2363.51 21347.22 126.8267
1_177 mixed 18 82.6557142857141 4.4090240158902105 1842.065033666185 16065.11698235097 103.5 NA 2363.51 21347.22 126.8267
1_178 mixed 18 44.2607142857141 4.37892793655135 1002.8793308248885 10028.793308248885 105.5 73 2363.51 21347.22 126.8267
1_179_1 mixed 18 45.77071428571405 4.402284133014399 1028.213839001247 5513.4423992121265 116 NA 2363.51 21347.22 126.8267
1_18 mixed 18 42.665714285714 4.716553718261495 895.863605221385 7714.363437452384 107.5 NA 2363.51 21347.22 126.8267
1_187 mixed 18 65.750714285714 4.1105791339851745 1518.367469087736 12735.602849230057 105 76 2363.51 21347.22 126.8267
1_189 mixed 18 64.080714285714 4.54498460295825 1409.938891214605 11984.845459940334 108 NA 2363.51 21347.22 126.8267
1_19 mixed 18 50.055714285714004 4.980608764103909 1006.3334296652231 7121.377360373842 103.5 82 2363.51 21347.22 126.8267
1_191 mixed 18 32.220714285713996 4.381033121196641 723.3471375205925 6510.124237685332 105 79 2363.51 21347.22 126.8267
1_192_3 mixed 18 68.140714285714 4.19166589967787 1636.017924247225 16360.179242472252 101.5 NA 2363.51 21347.22 126.8267
1_193_3 mixed 18 65.50571428571399 5.0917094993337155 1286.530673243095 9880.407887121195 104 NA 2363.51 21347.22 126.8267
1_195_3 mixed 18 56.205714285713995 4.9690337494221 1136.6921972855794 6826.345400140938 108 NA 2363.51 21347.22 126.8267
1_2 mixed 18 86.75571428571399 4.958191454434595 1773.7572802302216 17737.572802302217 106.5 87 2363.51 21347.22 126.8267
1_200 mixed 18 47.225714285714005 4.87304819135148 968.5623924930541 6609.6659267431805 101.5 83 2363.51 21347.22 126.8267
1_203 mixed 18 84.30571428571399 4.644157200678935 1783.951326255065 17155.307993809496 106.5 NA 2363.51 21347.22 126.8267
1_206 mixed 18 58.605714285714 5.029786059351275 1159.4452266179665 10435.0070395617 109 20 2363.51 21347.22 126.8267
1_212 mixed 18 68.075714285714 4.404639602319801 1540.72137424528 9943.69801073852 110 44 2363.51 21347.22 126.8267
1_214 mixed 18 61.800714285714 4.652533942088191 1306.649084877044 13066.490848770442 105 85 2363.51 21347.22 126.8267
1_218 mixed 18 65.5457142857139 4.69225646076638 1383.765023681155 13837.65023681155 103.5 48 2363.51 21347.22 126.8267
1_22 mixed 18 95.8557142857139 5.04230769230769 1901.02865860302 5703.08597580906 115 54 2363.51 21347.22 126.8267
1_221 mixed 18 58.4957142857139 4.860180459351075 1198.711312719815 8450.80284333599 106.5 86 2363.51 21347.22 126.8267
1_24 mixed 18 67.65571428571391 4.207530454042085 1611.993813343755 14507.944320093795 105 68 2363.51 21347.22 126.8267
1_3 mixed 18 71.0457142857139 4.9405204808028955 1390.4078060606785 13904.078060606786 105 73 2363.51 21347.22 126.8267
1_39_1 mixed 18 55.75571428571389 4.21779935275081 1327.1198261486052 11494.826912760262 100 NA 2363.51 21347.22 126.8267
1_45 mixed 18 82.4607142857139 4.573295322563615 1777.361950449935 15996.257554049414 104 NA 2363.51 21347.22 126.8267
1_47_1 mixed 18 65.3557142857139 5.031813015061095 1295.3168558746752 11545.59718414478 105 NA 2363.51 21347.22 126.8267
1_51_1 mixed 18 42.7657142857139 4.39817084078712 948.389060718084 5264.019519244452 106.5 NA 2363.51 21347.22 126.8267
1_56 mixed 18 75.5557142857139 5.14881155392745 1455.912575456055 14559.125754560551 103.5 NA 2363.51 21347.22 126.8267
1_58 mixed 18 81.5057142857139 5.139552289582905 1578.70927735098 14208.38349615882 104.5 94 2363.51 21347.22 126.8267
1_6 mixed 18 91.81904761904724 5.21767695333241 1756.7321960307568 12240.42318227952 102 70 2363.51 21347.22 126.8267
1_60_3 mixed 18 73.5157142857139 4.732582417582416 1623.8794375980328 15418.464202721105 106.5 NA 2363.51 21347.22 126.8267
1_61 mixed 18 41.320714285713905 4.19437071144818 980.9971326799571 8779.803372334562 96 97 2363.51 21347.22 126.8267
1_65 mixed 18 85.4557142857138 4.932948141131895 1748.2641136698549 16230.383590659549 105 65 2363.51 21347.22 126.8267
1_67 mixed 18 72.55571428571379 5.078915470494415 1437.57916943037 13706.15740513757 106.5 98 2363.51 21347.22 126.8267
1_7_1 mixed 18 108.5557142857138 4.565863612427595 2402.25293371801 19775.34098586706 103.5 NA 2363.51 21347.22 126.8267
1_74 mixed 18 107.35571428571379 5.100688177923621 2110.976071255995 19860.789165720198 106.5 99 2363.51 21347.22 126.8267
1_75 mixed 18 74.2157142857138 4.00450467031703 1754.2280921028575 16216.949247493798 101.5 37 2363.51 21347.22 126.8267
1_78 mixed 18 59.455714285713796 5.21408854467692 1140.17866305505 10259.23019253018 105 20 2363.51 21347.22 126.8267
1_8 mixed 18 66.91571428571379 4.29455273751215 1533.65777268713 14668.269665328928 103 81 2363.51 21347.22 126.8267
1_83 mixed 18 61.6857142857138 5.14909090909091 1208.4657914549105 5204.71567381888 106.5 65 2363.51 21347.22 126.8267
1_84 mixed 18 84.4957142857138 5.21648542844715 1619.448783541475 6443.091856562105 104.5 100 2363.51 21347.22 126.8267
1_85 mixed 18 46.4107142857138 4.6524271414651395 977.0589041867745 7777.172155219392 103.5 63 2363.51 21347.22 126.8267
1_89_2 mixed 18 123.4057142857138 4.622165991902834 2657.330810199745 23546.37134932282 104 NA 2363.51 21347.22 126.8267
1_92 mixed 18 31.1357142857138 4.29447453954496 725.886535837175 6920.868627989462 103 102 2363.51 21347.22 126.8267
1_93 mixed 18 70.0607142857138 4.719021879021875 1478.4953362421252 12512.48668834885 103 103 2363.51 21347.22 126.8267
1_95 mixed 18 61.9057142857138 5.019931011461001 1231.677276887255 7228.492520429625 104.5 49 2363.51 21347.22 126.8267
1_98 mixed 18 88.77071428571381 4.84818554387893 1837.964514315755 14958.59291581501 105 58 2363.51 21347.22 126.8267
1_99 mixed 18 104.4057142857138 4.89826330532213 2128.99493242904 14121.89845763132 101.5 104 2363.51 21347.22 126.8267
2_100 mixed 28 104.1557142857138 4.884784240150095 2121.523474714165 19093.711272427485 105 105 2363.51 21347.22 126.8267
2_101 mixed 28 50.2557142857138 5.031146931760115 1004.296861196811 8911.922549039742 103 106 2363.51 21347.22 126.8267
2_104 mixed 28 121.6757142857138 4.526406846730779 2689.854682155435 24208.692139398918 103 108 2363.51 21347.22 126.8267
2_106 mixed 28 64.4057142857138 4.77894736842105 1333.032543865731 9931.93416300961 106.5 110 2363.51 21347.22 126.8267
2_108 mixed 28 74.8407142857138 4.343697178374995 1728.59200964091 14376.375236709824 103 111 2363.51 21347.22 126.8267
2_110 mixed 28 99.22571428571379 4.62994633273703 2122.37883762573 19101.40953863157 102 114 2363.51 21347.22 126.8267
2_111 mixed 28 120.3557142857138 5.170015956234325 2335.23156888622 22060.54754011748 106.5 115 2363.51 21347.22 126.8267
2_117 mixed 28 68.87071428571379 4.46064456356297 1532.7970690337252 10928.808619439551 102 120 2363.51 21347.22 126.8267
2_119 mixed 28 92.98071428571379 4.740942028985504 1983.0085148777548 18275.78470695135 103.5 122 2363.51 21347.22 126.8267
2_120 mixed 28 91.2057142857138 4.5532389937106945 2005.3320527074197 18743.37510878933 104 123 2363.51 21347.22 126.8267
2_121 mixed 28 46.5057142857138 4.65858529819695 1000.5388924257261 10005.38892425726 106.5 124 2363.51 21347.22 126.8267
2_123 mixed 28 93.0057142857138 4.91673582295989 1906.6294184713051 19066.29418471305 103 125 2363.51 21347.22 126.8267
2_124 mixed 28 45.955714285713796 4.584917582417585 982.9581101951685 9829.581101951684 104 126 2363.51 21347.22 126.8267
2_125 mixed 28 96.7557142857138 4.57392752856331 2117.789572492325 18616.128990534908 105 127 2363.51 21347.22 126.8267
2_13 mixed 28 49.4057142857138 4.63660748923907 1067.3687048871861 10230.02418180432 103 135 2363.51 21347.22 126.8267
2_132 mixed 28 79.2957142857138 4.7922004062288455 1657.1684461166 12642.41905048599 104 131 2363.51 21347.22 126.8267
2_137 mixed 28 106.8457142857138 4.4498720601651 2242.441706807497 14633.730286623875 94 133 2363.51 21347.22 126.8267
2_138 mixed 28 74.9557142857138 4.9013013013013005 1530.06053237126 11515.749219555255 103.5 134 2363.51 21347.22 126.8267
2_139 mixed 28 57.8207142857138 4.79052132701422 1207.1737047316851 9463.28032362819 90.5 118 2363.51 21347.22 126.8267
2_142 mixed 28 87.40071428571379 4.343790305804035 1985.16746715803 18658.621704728826 103.5 120 2363.51 21347.22 126.8267
2_144 mixed 28 67.2907142857138 4.5641196013289 1450.54182865981 14505.4182865981 106.5 129 2363.51 21347.22 126.8267
2_146 mixed 28 69.12571428571381 4.8278205128205105 1423.283054488435 7963.212086669235 110 119 2363.51 21347.22 126.8267
2_148 mixed 28 55.195714285713805 4.307740916271725 1255.838901139055 11157.947282067249 97.5 137 2363.51 21347.22 126.8267
2_156 mixed 28 67.3757142857138 4.861940818506995 1381.044876515226 9161.17437974391 NA 141 2363.51 21347.22 126.8267
2_157 mixed 28 60.050714285713795 4.44547088425593 1330.2654746622165 12467.319553464811 103.5 140 2363.51 21347.22 126.8267
2_160 mixed 28 86.1057142857138 4.8647512864494 1773.47428560234 16071.676085837069 90.5 143 2363.51 21347.22 126.8267
2_163 mixed 28 56.06071428571379 4.5437687737801244 1225.1838821106699 10526.68583201287 105 134 2363.51 21347.22 126.8267
2_166 mixed 28 73.8457142857138 4.20829307568438 1746.484785895365 16654.13895899405 102.5 112 2363.51 21347.22 126.8267
2_167 mixed 28 49.595714285713804 4.62829268292683 1071.57687906528 10715.7687906528 94 144 2363.51 21347.22 126.8267
2_169 mixed 28 68.6557142857138 4.7351058201058205 1452.4358250344799 14524.3582503448 109 109 2363.51 21347.22 126.8267
2_17 mixed 28 93.2057142857138 4.918408349641226 1905.526181061485 16100.137993679235 91.5 149 2363.51 21347.22 126.8267
2_170 mixed 28 97.7057142857138 4.945631067961164 1936.885116671795 18071.748963211416 98.5 146 2363.51 21347.22 126.8267
2_171 mixed 28 54.555714285713805 5.16569847856155 1062.5918901525479 10263.547876034581 103.5 147 2363.51 21347.22 126.8267
2_173 mixed 28 50.9357142857138 4.69614035087719 1088.9404395100585 7511.613331538638 108 148 2363.51 21347.22 126.8267
2_175 mixed 28 103.2857142857138 4.827563569116965 2090.1373759901794 17380.958018955345 103.5 116 2363.51 21347.22 126.8267
2_183 mixed 28 98.75571428571381 4.629090909090911 2158.717517402085 16840.017423382633 105 150 2363.51 21347.22 126.8267
2_19 mixed 28 57.8907142857138 4.365502784146745 1306.573784402965 11963.23683420066 102 6 2363.51 21347.22 126.8267
2_195 mixed 28 89.9657142857138 4.736428571428576 1902.89215357267 19028.921535726702 104 151 2363.51 21347.22 126.8267
2_20 mixed 28 99.7057142857138 4.940111982082865 2028.272787681735 17393.34010510397 104 122 2363.51 21347.22 126.8267
2_202 mixed 28 60.765714285713806 4.754560439560439 1283.044506697455 9990.465931301851 90.5 143 2363.51 21347.22 126.8267
2_209 mixed 28 52.015714285713806 4.98554163726182 989.3967676851776 8189.290596574085 103.5 152 2363.51 21347.22 126.8267
2_212 mixed 28 92.9507142857138 4.737239736951345 1962.53919644002 13926.098809638326 101 153 2363.51 21347.22 126.8267
2_217 mixed 28 70.45571428571381 4.922829670329669 1441.1116408408316 13348.99921170632 105.5 155 2363.51 21347.22 126.8267
2_219 mixed 28 54.610714285713804 4.004915528396835 1334.092826512345 12817.122147983575 100.5 157 2363.51 21347.22 126.8267
2_3 mixed 28 105.2057142857138 5.30673076923077 1981.75541699619 18908.399247709054 105.5 165 2363.51 21347.22 126.8267
2_30 mixed 28 49.4807142857138 4.33795626873567 1160.2428699422646 9852.582165064248 112.5 117 2363.51 21347.22 126.8267
2_34 mixed 28 85.1957142857138 4.803809523809525 1776.36982832395 16899.61239252094 104.5 162 2363.51 21347.22 126.8267
2_35 mixed 28 125.0107142857138 3.847918989223335 2961.981616599735 26657.834549397612 102 163 2363.51 21347.22 126.8267
2_37 mixed 28 49.52571428571379 5.0786417688591605 978.231196709015 9231.0735030608 105 164 2363.51 21347.22 126.8267
2_43 mixed 28 55.2357142857138 4.644812985179955 1193.1236997226001 9367.222896440075 104.5 165 2363.51 21347.22 126.8267
2_44 mixed 28 63.00571428571381 5.26072628827483 1206.5899549031801 7135.86406575642 103.5 166 2363.51 21347.22 126.8267
2_46 mixed 28 50.1207142857138 5.42396407430088 924.284773445723 6438.607368658673 103.5 122 2363.51 21347.22 126.8267
2_47 mixed 28 45.3557142857138 4.543939393939395 1009.0025810216875 9832.096887986863 83.5 167 2363.51 21347.22 126.8267
2_56 mixed 28 54.16571428571379 4.38391261171797 1217.82676324106 11078.63688180529 105 172 2363.51 21347.22 126.8267
2_58 mixed 28 49.0157142857138 4.1175355450237 1127.8112667477305 10150.301400729575 105 150 2363.51 21347.22 126.8267
2_6 mixed 28 71.9557142857138 4.72006379585327 1527.689205757285 13891.796470170571 108 176 2363.51 21347.22 126.8267
2_62 mixed 28 74.32571428571379 4.25 1678.2300777453752 16782.30077745375 90.5 159 2363.51 21347.22 126.8267
2_64 mixed 28 88.7557142857138 4.83911111111111 1834.13259683005 18341.3259683005 108 128 2363.51 21347.22 126.8267
2_66 mixed 28 63.4357142857138 4.294327361744745 1389.357999330342 12844.688028309654 101 174 2363.51 21347.22 126.8267
2_74 mixed 28 45.6507142857138 4.303729821580291 1061.3310629341754 10613.310629341755 98 143 2363.51 21347.22 126.8267
2_77 mixed 28 84.5107142857138 4.82655950045356 1764.9174255073199 10972.80157016112 105 178 2363.51 21347.22 126.8267
2_79 mixed 28 60.6957142857138 4.642341879365805 1272.3483159262973 12260.434793016211 104 179 2363.51 21347.22 126.8267
2_81 mixed 28 108.1207142857138 4.52494425863991 2385.838352580915 22697.794609774697 105.5 120 2363.51 21347.22 126.8267
2_84 mixed 28 28.4607142857138 4.283412322274884 673.482914138863 4887.666128638579 105 172 2363.51 21347.22 126.8267
2_85 mixed 28 37.165714285713804 4.7746088794926 785.02701745722 7335.20316559 105.5 180 2363.51 21347.22 126.8267
2_89 mixed 28 48.47571428571379 4.677258261933905 1007.7042571702075 10077.042571702075 104.5 139 2363.51 21347.22 126.8267
2_90 mixed 28 47.42571428571381 3.879857352632685 1241.330425185481 12413.30425185481 104 181 2363.51 21347.22 126.8267
2_99 mixed 28 82.7057142857138 4.918740031897926 1671.417176068595 12103.752296406856 108 183 2363.51 21347.22 126.8267
3_104 mixed 50 53.6107142857138 4.57066310636404 1171.553285757945 11164.62219544226 106.5 186 2363.51 21347.22 126.8267
3_112 mixed 50 95.3557142857138 5.0056776797858795 1905.684996988795 13402.541837544131 104 162 2363.51 21347.22 126.8267
3_118 mixed 50 61.395714285713794 4.442347858910375 1296.1102266342436 12574.90578727957 105 189 2363.51 21347.22 126.8267
3_139 mixed 50 38.955714285713796 4.48391785150079 875.3741290743881 7878.367161669492 94 191 2363.51 21347.22 126.8267
3_146 mixed 50 75.9607142857138 4.0566459627329206 1926.47599208596 18128.78329314675 107 193 2363.51 21347.22 126.8267
3_158 mixed 50 76.5557142857138 4.563626373626375 1677.3332066492349 16138.067070105939 108 187 2363.51 21347.22 126.8267
3_169 mixed 50 112.96071428571379 4.891573546675945 2311.4201173485353 21999.658497140168 106.5 195 2363.51 21347.22 126.8267
3_186 mixed 50 89.3057142857138 5.000770094657465 1775.835109880235 16940.747088179996 105 162 2363.51 21347.22 126.8267
3_196 mixed 50 63.3407142857138 4.922099179285635 1286.8814561131949 11054.28013954662 105.5 197 2363.51 21347.22 126.8267
3_207 mixed 50 76.70571428571381 5.0159188034188045 1532.7093531741996 14595.481965500307 107.5 199 2363.51 21347.22 126.8267
3_4 mixed 50 57.97571428571379 4.105939829216865 1291.2094123841555 12633.798852728494 102 205 2363.51 21347.22 126.8267
3_41 mixed 50 102.3557142857138 5.356479604249451 1902.2205317079902 7455.366655881366 112.5 203 2363.51 21347.22 126.8267
3_67 mixed 50 79.7507142857138 5.0537894086132304 1577.815231808675 14219.41152023559 109 207 2363.51 21347.22 126.8267
3_72 mixed 50 51.8557142857138 5.074765258215965 1010.0263935843755 6488.278779372816 108 208 2363.51 21347.22 126.8267
3_79 mixed 50 68.6757142857138 5.03151138716356 1362.8025280299898 11554.34896393367 108 185 2363.51 21347.22 126.8267
3_87 mixed 50 67.6057142857138 5.007276338358765 1366.6338002011096 9921.450229883374 110 198 2363.51 21347.22 126.8267
3_9 mixed 50 102.4557142857138 4.61366470895032 2225.94816504799 19442.346747683485 109 200 2363.51 21347.22 126.8267
3_95 mixed 50 74.23071428571379 4.6353733086063595 1601.963927686028 15595.44354155758 108 210 2363.51 21347.22 126.8267
45_3_2 mixed 0 69.7157142857138 4.07449031600408 1775.18553532277 11180.02613880949 102.5 NA 2363.51 21347.22 126.8267
46_4_3 mixed 0 57.6557142857138 4.5316666666666645 1271.712336187745 12060.062708689275 96 NA 2363.51 21347.22 126.8267
47_4 mixed 0 76.54071428571379 4.92173913043478 1524.888185305115 15248.881853051149 106.5 NA 2363.51 21347.22 126.8267
48_5 mixed 0 46.6557142857138 4.602650608493665 990.7420444233915 7758.64712682936 103.5 "NA" 2363.51 21347.22 126.8267
49_4 mixed 0 38.7557142857138 4.63540669856459 836.080128583215 7524.721157248935 101 NA 2363.51 21347.22 126.8267
50_3 mixed 0 35.7557142857138 5.364287992709045 666.8242593363785 6314.841628043804 105 "NA" 2363.51 21347.22 126.8267
51_5_3 mixed 0 57.00571428571379 4.68173076923077 1199.4300995560575 9478.83009744741 80 NA 2363.51 21347.22 126.8267
52_5_1 mixed 0 31.5557142857138 4.923108715184185 642.4062735825535 5084.057028876978 104 "NA" 2363.51 21347.22 126.8267
53_5 mixed 0 41.3307142857138 4.51346153846154 912.138872666207 8609.271232265475 92.5 NA 2363.51 21347.22 126.8267
54_5 mixed 0 63.19571428571379 4.495423287798535 1379.675447584304 13796.75447584304 103.5 "NA" 2363.51 21347.22 126.8267
55_5_3 mixed 0 62.855714285713795 4.67037037037037 1345.8400362524 10766.7202900192 105 NA 2363.51 21347.22 126.8267
56_5 mixed 0 32.7557142857138 4.53073170731707 722.967423403459 7229.67423403459 105 "NA" 2363.51 21347.22 126.8267
57_4_2 mixed 0 107.9407142857138 4.72850241545894 2285.472381148985 22854.72381148985 96 NA 2363.51 21347.22 126.8267
58_3_3 mixed 0 53.570714285713805 4.47275456123071 1164.454475638696 11273.393887934024 100 NA 2363.51 21347.22 126.8267
59_5_1 mixed 0 55.0907142857138 4.20799212044463 1300.745993499325 10524.149295457486 102 NA 2363.51 21347.22 126.8267
60_4 mixed 0 45.3757142857138 3.5191556154790398 1306.8320048732855 12140.454500410384 99.5 "NA" 2363.51 21347.22 126.8267
61_5_3 mixed 0 62.5057142857138 5.218021968287715 1201.447304701899 11570.541538770362 105 NA 2363.51 21347.22 126.8267
62_5 mixed 0 41.61571428571381 3.8667260787992497 1093.172971103196 8833.448174859825 92.5 NA 2363.51 21347.22 126.8267
63_4 mixed 0 95.6707142857138 4.472203516647965 2135.0508235573598 20302.23570401763 105 "NA" 2363.51 21347.22 126.8267
64_5_1 mixed 0 42.2157142857138 4.37787234042553 964.297517218385 9642.97517218385 105 NA 2363.51 21347.22 126.8267
65_2 mixed 0 87.17571428571381 4.458927323549965 1945.14445476128 18586.836673988822 103 "NA" 2363.51 21347.22 126.8267
66_5 mixed 0 54.25571428571381 4.557756255044395 1194.4831773022001 8080.305556625681 97.5 "NA" 2363.51 21347.22 126.8267
67_3_3 mixed 0 25.3757142857138 4.35193395365809 563.442609841811 2722.5585329938804 105 NA 2363.51 21347.22 126.8267
68_3_1 mixed 0 42.1557142857138 4.715881184543155 871.528325416911 8715.28325416911 102 "NA" 2363.51 21347.22 126.8267
69_5_1 mixed 0 84.1557142857138 4.2773198329763495 2074.750452296953 20747.504522969528 103.5 NA 2363.51 21347.22 126.8267
7_10 mixed 58 63.270714285713794 4.327827024998825 1438.836905244268 14388.36905244268 105 203 2363.51 21347.22 126.8267
7_100 mixed 58 73.07071428571379 5.3396549344375455 1389.50350672876 8516.83138492028 106 185 2363.51 21347.22 126.8267
7_102 mixed 58 71.0557142857138 5.1278859107167705 1383.3836045652401 11796.012496645775 105 203 2363.51 21347.22 126.8267
7_105 mixed 58 101.5307142857138 4.80560595065312 2100.61621576272 20110.493408721843 105 211 2363.51 21347.22 126.8267
7_11 mixed 58 33.2207142857138 4.585782300224045 754.8794394116085 5670.725422827059 108 59 2363.51 21347.22 126.8267
7_115 mixed 58 97.1007142857138 5.32062755030252 1828.46806875116 14832.655247198501 110 162 2363.51 21347.22 126.8267
7_118 mixed 58 101.13571428571379 4.83887623040467 2088.73286521363 19755.667701791936 103.5 212 2363.51 21347.22 126.8267
7_119 mixed 58 86.8107142857138 5.15222353776936 1684.0401370762752 13722.56738362101 105 213 2363.51 21347.22 126.8267
7_12 mixed 58 65.6257142857138 4.91051251380199 1342.020592432005 9245.814497447975 105 214 2363.51 21347.22 126.8267
7_126 mixed 58 55.305714285713805 4.435909037351244 1246.764386896845 8769.00123189606 105.5 154 2363.51 21347.22 126.8267
7_131 mixed 58 92.1907142857138 5.3049502256286996 1733.813734592545 12781.560653287774 107.5 215 2363.51 21347.22 126.8267
7_14 mixed 58 80.1057142857138 5.18672749527095 1543.55518148171 11533.057020798351 106.5 218 2363.51 21347.22 126.8267
7_141 mixed 58 65.9657142857138 4.094104924068111 1618.27073440383 13508.88228230501 102 216 2363.51 21347.22 126.8267
7_149 mixed 58 73.1307142857138 4.5292243321532 1566.509994587672 13877.08020026467 109 217 2363.51 21347.22 126.8267
7_152 mixed 58 95.8057142857138 4.885375920454015 1962.2914873752852 20653.518240650264 106.5 121 2363.51 21347.22 126.8267
7_158 mixed 58 50.0257142857138 4.762424677187945 1025.5365387633774 10255.365387633774 102 219 2363.51 21347.22 126.8267
7_163 mixed 58 107.4557142857138 4.35694644216939 2537.748676370025 22306.143452185242 105.5 NA 2363.51 21347.22 126.8267
7_165 mixed 58 95.22571428571379 4.27552286423254 2137.3144643106302 18871.52229719825 104.5 221 2363.51 21347.22 126.8267
7_167 mixed 58 66.7057142857138 4.684042598691245 1361.39114875824 12835.0173957973 101 222 2363.51 21347.22 126.8267
7_170 mixed 58 66.7307142857138 4.90903149419844 1360.3439022317784 9457.554732638428 105 NA 2363.51 21347.22 126.8267
7_173 mixed 58 58.2307142857138 4.65899064918796 1260.140051327965 8988.12108368447 105.5 224 2363.51 21347.22 126.8267
7_174 mixed 58 83.3607142857138 4.94551195946742 1684.481426972955 12300.530229448455 106.5 225 2363.51 21347.22 126.8267
7_176 mixed 58 50.6857142857138 4.786961875444 1080.462825057308 8002.0540222993 103.5 219 2363.51 21347.22 126.8267
7_177 mixed 58 122.40571428571378 4.87219512195122 2513.79591172498 20139.6115692754 106.5 226 2363.51 21347.22 126.8267
7_18 mixed 58 96.30571428571379 4.97191270860077 1959.50107320753 15566.078969138176 105 NA 2363.51 21347.22 126.8267
7_181 mixed 58 52.0207142857138 4.32310288237062 1205.09862568908 10845.88763120172 108 NA 2363.51 21347.22 126.8267
7_184 mixed 58 63.6557142857138 5.225275870234435 1217.330843710432 12173.30843710432 101.5 222 2363.51 21347.22 126.8267
7_187 mixed 58 61.540714285713804 4.37615552561899 1341.385939368123 11116.959894943546 105 229 2363.51 21347.22 126.8267
7_190 mixed 58 83.9557142857138 4.910972580051525 1727.103107854395 12320.812316957039 106 121 2363.51 21347.22 126.8267
7_198 mixed 58 83.05571428571379 5.240634739475875 1584.2581720942849 13557.15803627895 108 231 2363.51 21347.22 126.8267
7_20 mixed 58 66.11571428571379 4.30571133221346 1585.9926899729498 6064.01641536412 112.5 235 2363.51 21347.22 126.8267
7_207 mixed 58 89.8457142857138 5.13921998350418 1757.33431609654 14148.579003833049 106.5 234 2363.51 21347.22 126.8267
7_211 mixed 58 63.1707142857138 4.0038647342995155 1402.0319884156165 12618.287895740548 104.5 121 2363.51 21347.22 126.8267
7_214 mixed 58 54.7157142857138 5.319273470525385 1026.1926476653844 9557.142588304085 101.5 221 2363.51 21347.22 126.8267
7_219 mixed 58 73.0557142857138 4.3857351198614545 1665.21855352885 12683.648414022491 101.5 221 2363.51 21347.22 126.8267
7_31 mixed 58 102.35571428571379 4.94666666666667 2069.1855987678 4138.3711975356 112 113 2363.51 21347.22 126.8267
7_34 mixed 58 13.7507142857138 4.017099516272955 345.39216138736947 3344.8493652869192 105 236 2363.51 21347.22 126.8267
7_38 mixed 58 113.9557142857138 5.11609756097561 2227.39525444044 22273.952544404397 103.5 NA 2363.51 21347.22 126.8267
7_40 mixed 58 100.52571428571379 4.578420441347269 2152.714668692245 17221.71734953796 109 59 2363.51 21347.22 126.8267
7_44 mixed 58 63.395714285713794 4.52599033816425 1419.1232784154122 13004.43299871971 102.5 238 2363.51 21347.22 126.8267
7_5 mixed 58 78.53571428571381 4.888758011432531 1602.5291379857802 11727.97982271512 109 107 2363.51 21347.22 126.8267
7_51 mixed 58 43.3407142857138 4.221838711504695 1032.808584454211 8738.095798823384 105 228 2363.51 21347.22 126.8267
7_53 mixed 58 59.8007142857138 4.4243180117462995 1308.1585952885289 12741.02162770771 108 239 2363.51 21347.22 126.8267
7_58 mixed 58 78.01571428571378 28.38018691588785 496.91464327676454 3828.313695417403 103.5 NA 2363.51 21347.22 126.8267
7_65 mixed 58 81.0057142857138 4.9340626161278305 1642.2588728646501 12486.2228516192 105 241 2363.51 21347.22 126.8267
7_67 mixed 58 106.9057142857138 5.0789644012945 2106.136060259335 20269.26119646935 105 188 2363.51 21347.22 126.8267
7_69 mixed 58 49.2307142857138 4.040937522608765 1272.7361293613437 10024.519624278277 99 232 2363.51 21347.22 126.8267
7_7 mixed 58 94.1057142857138 5.09114645929068 1847.967549146535 18479.67549146535 106.5 243 2363.51 21347.22 126.8267
7_74 mixed 58 101.3907142857138 4.64133080748283 2183.657484683075 18082.02774974573 105 NA 2363.51 21347.22 126.8267
7_81 mixed 58 106.10571428571379 5.008013640238705 2123.9367714813 18223.008379911393 106.5 107 2363.51 21347.22 126.8267
7_84 mixed 58 52.9957142857138 5.311219512195125 991.7171454874924 4074.5170807241125 106.5 244 2363.51 21347.22 126.8267
7_86 mixed 58 78.7557142857138 5.23461538461538 1504.51768657499 9027.10611944994 110 203 2363.51 21347.22 126.8267
7_87 mixed 58 44.805714285713805 4.767786183011305 940.0102265575736 9852.584673036112 103.5 245 2363.51 21347.22 126.8267
7_93 mixed 58 68.1257142857138 5.2960468249175445 1278.5608463210215 11984.088965991792 106 185 2363.51 21347.22 126.8267
7_94 mixed 58 71.84071428571379 5.2406315216405055 1362.778245263305 12897.620014968048 106.5 233 2363.51 21347.22 126.8267
7_95 mixed 58 55.205714285713796 5.536326473730664 997.5016450572389 2140.681350664011 106.5 59 2363.51 21347.22 126.8267
7_96 mixed 58 60.7007142857138 5.55851582627898 1079.0640124024255 10790.640124024256 110 187 2363.51 21347.22 126.8267
7_97 mixed 58 64.0957142857138 5.18697722180732 1239.41378087714 7553.666356541984 107.5 107 2363.51 21347.22 126.8267
7_98 mixed 58 94.4707142857138 5.111686113832725 1845.59897269638 18455.989726963802 101.5 246 2363.51 21347.22 126.8267
70_4_1 mixed 0 49.6557142857138 4.8581206804891 1022.17538727274 9199.57848545466 107.5 "NA" 2363.51 21347.22 126.8267
71_5 mixed 0 63.1207142857138 5.272670137423195 1197.52433872152 10260.3946021832 105.5 "NA" 2363.51 21347.22 126.8267
72_7_1 mixed 0 78.89571428571381 4.745499664654595 1660.7294979889948 10065.860470393754 103 NA 2363.51 21347.22 126.8267
