"Brown Bag Weight" PLOT_ID "100 seed weight" FT_DAYS Genotypes Condition replicate Bed_2022 Row_2022 Plot_Germination Generation Fecundity Fitness "Brown Bag Weight__2" PLOT_ID__2 "100 seed weight__2" FT_DAYS__2 replicate__2 Bed_2022__2 Row_2022__2 Plot_Germination__2 Generation__2 Fecundity__2 Fitness__2 Avg_Fecundity Avg_Fit Avg_FT Avg_Total_Weight Expect_Seed_Mass_per_Plant
107.36 9 4.09 118 2_124 single "rep 1" 1 1 10 28 2624.9388753056237 26249.388753056235 122.06000000000002 523 4.6899999999999995 118 "rep 2" 12 1 8 28 2602.558635394457 20820.469083155655 2613.7487553500405 23534.928918105943 118 114.71000000000001 22.942
85.86 11 5.09 112 1_193_3 single "rep 1" 1 3 10 18 1686.8369351669942 16868.369351669942 74.76 525 5.29 114 "rep 2" 12 3 9 18 1413.2325141776937 12719.092627599242 1550.034724672344 14793.730989634592 113 80.31 16.062
87.06 12 5.1899999999999995 112 2_77 single "rep 1" 1 4 9 28 1677.456647398844 15097.109826589596 178.76 526 5.09 110 "rep 2" 12 4 10 28 3511.984282907662 35119.84282907662 2594.720465153253 25108.47632783311 111 132.91 26.582
94.66000000000001 13 4.39 112 57_4_2 single "rep 1" 1 5 10 0 2156.2642369020505 21562.642369020505 94.36 527 4.59 112 "rep 2" 12 5 9 0 2055.773420479303 18501.960784313724 2106.018828690677 20032.301576667116 112 94.51 18.902
88.36 15 5.59 112 1_137 single "rep 1" 1 7 9 18 1580.679785330948 14226.118067978532 152.85999999999999 529 5.09 110 "rep 2" 12 7 8 18 3003.143418467583 24025.147347740665 2291.9116018992654 19125.6327078596 111 120.60999999999999 24.121999999999996
144.56 16 4.489999999999999 125 2_217 single "rep 1" 1 8 10 28 3219.5991091314036 32195.991091314034 132.35999999999999 530 4.09 124 "rep 2" 12 8 8 28 3236.1858190709045 25889.486552567236 3227.892464101154 29042.738821940635 124.5 138.45999999999998 27.691999999999997
127.66000000000001 18 5.29 117 2_30 single "rep 1" 1 10 8 28 2413.2325141776937 19305.86011342155 145.35999999999999 532 6.39 119 "rep 2" 12 10 8 28 2274.8043818466354 18198.435054773083 2344.0184480121643 18752.147584097314 118 136.51 27.302
44.16 19 3.9899999999999993 117 2_6 single "rep 1" 1 11 10 28 1106.7669172932333 11067.669172932332 82.06 533 4.39 124 "rep 2" 12 11 9 28 1869.2482915717542 16823.23462414579 1488.0076044324937 13945.45189853906 120.5 63.11 12.622
46.86 20 4.6899999999999995 112 7_34 single "rep 1" 1 12 9 58 999.1471215351813 8992.324093816633 114.16000000000001 534 4.89 113 "rep 2" 12 12 10 58 2334.560327198364 23345.60327198364 1666.8537243667727 16168.963682900136 112.5 80.51 16.102
122.06000000000002 21 5.29 124 47_4 single "rep 1" 1 13 7 0 2307.372400756144 16151.60680529301 114.76 535 5.39 124 "rep 2" 12 13 8 0 2129.1280148423007 17033.024118738405 2218.250207799222 16592.315462015707 124 118.41000000000001 23.682000000000002
141.95999999999998 22 4.489999999999999 107 1_158 single "rep 1" 1 14 10 18 3161.6926503340756 31616.926503340757 83.26 536 4.1899999999999995 107 "rep 2" 12 14 10 18 1987.1121718377092 19871.121718377093 2574.4024110858923 25744.024110858925 107 112.60999999999999 22.522
123.26 24 5.79 105 2_148 single "rep 1" 1 16 10 28 2128.8428324697757 21288.428324697757 57.559999999999995 538 4.29 107 "rep 2" 12 16 7 28 1341.7249417249416 9392.07459207459 1735.2838870973587 15340.251458386174 106 90.41 18.082
103.86 26 5.1899999999999995 112 1_206 single "rep 1" 1 18 7 18 2001.156069364162 14008.092485549134 168.76 540 5.39 112 "rep 2" 12 18 10 18 3130.983302411874 31309.83302411874 2566.069685888018 22658.962754833938 112 136.31 27.262
111.56 28 5.989999999999999 112 1_56 single "rep 1" 1 20 8 18 1862.4373956594327 14899.499165275462 84.56 542 5.489999999999999 119 "rep 2" 12 20 9 18 1540.2550091074684 13862.295081967215 1701.3462023834504 14380.897123621338 115.5 98.06 19.612000000000002
204.85999999999999 29 4.39 112 2_137 single "rep 1" 1 21 9 28 4666.514806378133 41998.63325740319 113.96000000000001 543 3.79 110 "rep 2" 12 21 9 28 3006.8601583113455 27061.74142480211 3836.687482344739 34530.187341102646 111 159.41 31.881999999999998
186.85999999999999 30 4.79 112 2_169 single "rep 1" 1 22 8 28 3901.0438413361167 31208.350730688933 89.86 544 4.989999999999999 117 "rep 2" 12 22 7 28 1800.8016032064131 12605.611222444892 2850.922722271265 21906.980976566912 114.5 138.35999999999999 27.671999999999997
124.56000000000002 31 5.489999999999999 112 7_69 single "rep 1" 1 23 8 58 2268.8524590163943 18150.819672131154 152.35999999999999 545 4.6899999999999995 112 "rep 2" 12 23 3 58 3248.6140724946695 9745.842217484009 2758.7332657555316 13948.330944807582 112 138.46 27.692
124.56000000000002 31 5.489999999999999 112 7_69 single "rep 1" 1 23 8 58 2268.8524590163943 18150.819672131154 71.06 956 5.09 111 "rep 2" 20 34 10 58 1396.0707269155207 13960.707269155208 1832.4615929659576 16055.763470643182 111.5 97.81 19.562
83.16000000000001 34 4.09 125 7_10 single "rep 1" 1 26 9 58 2033.2518337408317 18299.266503667484 123.06000000000002 548 5.29 124 "rep 2" 12 26 10 58 2326.2759924385637 23262.75992438564 2179.763913089698 20781.013214026563 124.5 103.11000000000001 20.622000000000003
110.86 35 4.989999999999999 112 1_61 single "rep 1" 1 27 10 18 2221.6432865731467 22216.43286573147 95.66000000000001 549 4.39 110 "rep 2" 12 27 9 18 2179.043280182233 19611.389521640096 2200.3432833776897 20913.91119368578 111 103.26 20.652
121.06000000000002 36 4.989999999999999 117 1_148 single "rep 1" 1 28 10 18 2426.0521042084174 24260.521042084176 90.56 550 4.39 124 "rep 2" 12 28 10 18 2062.870159453303 20628.70159453303 2244.4611318308603 22444.611318308605 120.5 105.81 21.162
50.66 40 5.1899999999999995 124 7_67 single "rep 1" 1 32 9 58 976.1078998073218 8784.971098265896 30.86 554 3.79 124 "rep 2" 12 32 10 58 814.2480211081794 8142.480211081794 895.1779604577506 8463.725654673844 124 40.76 8.152
143.66 41 5.79 112 2_170 single "rep 1" 1 33 9 28 2481.174438687392 22330.569948186527 164.35999999999999 555 5.59 110 "rep 2" 12 33 9 28 2940.250447227191 26462.25402504472 2710.7124429572914 24396.411986615625 111 154.01 30.802
48.16 42 4.1899999999999995 112 1_89_2 single "rep 1" 1 34 10 18 1149.403341288783 11494.03341288783 141.35999999999999 556 3.8899999999999997 114 "rep 2" 12 34 10 18 3633.9331619537274 36339.331619537275 2391.668251621255 23916.682516212553 113 94.75999999999999 18.951999999999998
86.26 43 4.39 132 2_142 single "rep 1" 1 35 9 28 1964.9202733485197 17684.282460136677 94.26 557 4.29 132 "rep 2" 12 35 5 28 2197.2027972027972 10986.013986013986 2081.0615352756586 14335.148223075332 132 90.26 18.052
69.86 45 4.59 117 2_89 single "rep 1" 1 37 10 28 1522.004357298475 15220.04357298475 135.26 559 4.489999999999999 117 "rep 2" 12 37 10 28 3012.4721603563476 30124.721603563477 2267.2382588274113 22672.382588274115 117 102.56 20.512
95.16000000000001 50 6.09 114 50_3 single "rep 1" 1 42 7 0 1562.56157635468 10937.93103448276 122.36 564 5.59 117 "rep 2" 12 42 9 0 2188.908765652952 19700.178890876567 1875.735171003816 15319.054962679664 115.5 108.76 21.752000000000002
71.36 51 4.6899999999999995 114 59_5_1 single "rep 1" 1 43 9 0 1521.535181236674 13693.816631130065 49.46 565 4.39 121 "rep 2" 12 43 6 0 1126.6514806378134 6759.90888382688 1324.0933309372435 10226.862757478473 117.5 60.41 12.081999999999999
70.26 52 5.09 117 7_131 single "rep 1" 1 44 6 58 1380.3536345776033 8282.12180746562 92.36 566 5.89 132 "rep 2" 12 44 9 58 1568.0814940577252 14112.733446519527 1474.2175643176643 11197.427626992574 124.5 81.31 16.262
57.76 55 5.09 118 7_14 single "rep 1" 1 47 4 58 1134.7740667976425 4539.09626719057 123.16000000000001 569 5.59 117 "rep 2" 12 47 10 58 2203.2200357781758 22032.20035778176 1668.997051287909 13285.648312486164 117.5 90.46000000000001 18.092000000000002
201.16 56 4.489999999999999 112 2_110 single "rep 1" 1 48 5 28 4480.178173719377 22400.890868596885 130.35999999999999 570 4.489999999999999 114 "rep 2" 12 48 10 28 2903.340757238307 29033.407572383072 3691.759465478842 25717.149220489977 113 165.76 33.152
28.36 57 3.6899999999999995 112 68_3_1 single "rep 1" 1 49 6 0 768.5636856368565 4611.382113821139 44.16 571 3.6899999999999995 110 "rep 2" 12 49 10 0 1196.7479674796748 11967.479674796748 982.6558265582656 8289.430894308944 111 36.26 7.252
169.26 59 4.79 125 7_93 single "rep 1" 2 1 9 58 3533.6116910229644 31802.50521920668 96.56 573 5.29 124 "rep 2" 13 1 10 58 1825.3308128544422 18253.30812854442 2679.471251938703 25027.90667387555 124.5 132.91 26.582
140.85999999999999 60 4.29 110 1_95 single "rep 1" 2 2 9 18 3283.449883449883 29551.04895104895 148.76 574 4.79 110 "rep 2" 13 2 10 18 3105.6367432150314 31056.367432150313 3194.5433133324573 30303.70819159963 110 144.81 28.962
125.66000000000001 61 4.489999999999999 110 3_4 single "rep 1" 2 3 9 50 2798.663697104678 25187.9732739421 150.16 575 5.39 110 "rep 2" 13 3 7 50 2785.899814471243 19501.298701298703 2792.2817557879607 22344.6359876204 110 137.91 27.582
95.76 67 4.59 110 52_5_1 single "rep 1" 2 9 5 0 2086.274509803922 10431.372549019608 66.36 581 4.39 110 "rep 2" 13 9 10 0 1511.6173120728931 15116.17312072893 1798.9459109384075 12773.77283487427 110 81.06 16.212
168.66 68 4.489999999999999 117 7_163 single "rep 1" 2 10 10 58 3756.3474387527845 37563.474387527844 125.16000000000001 582 3.3899999999999997 119 "rep 2" 13 10 10 58 3692.035398230089 36920.35398230089 3724.1914184914367 37241.91418491436 118 146.91 29.381999999999998
64.06 69 3.9899999999999993 110 1_192_3 single "rep 1" 2 11 10 18 1605.5137844611534 16055.137844611534 136.06 583 3.8899999999999997 110 "rep 2" 13 11 8 18 3497.686375321337 27981.491002570696 2551.600079891245 22018.314423591117 110 100.06 20.012
125.96 70 4.6899999999999995 114 1_177 single "rep 1" 2 12 10 18 2685.714285714286 26857.14285714286 144.16 584 4.39 112 "rep 2" 13 12 5 18 3283.826879271071 16419.134396355355 2984.7705824926784 21638.138626749107 113 135.06 27.012
108.26 75 4.489999999999999 132 2_117 single "rep 1" 2 17 10 28 2411.135857461025 24111.358574610247 53.26 589 4.489999999999999 132 "rep 2" 13 17 9 28 1186.1915367483298 10675.723830734969 1798.6636971046773 17393.541202672608 132 80.76 16.152
73.96000000000001 76 4.59 124 3_146 single "rep 1" 2 18 8 50 1611.3289760348587 12890.63180827887 182.45999999999998 590 5.39 124 "rep 2" 13 18 10 50 3385.1576994434135 33851.57699443414 2498.243337739136 23371.104401356504 124 128.20999999999998 25.641999999999996
97.76 77 4.29 117 1_51_1 single "rep 1" 2 19 10 18 2278.787878787879 22787.87878787879 88.76 591 5.09 113 "rep 2" 13 19 6 18 1743.8113948919452 10462.86836935167 2011.2996368399122 16625.373578615232 115 93.26 18.652
111.96000000000001 83 3.9899999999999993 117 7_102 single "rep 1" 2 25 10 58 2806.0150375939857 28060.150375939855 83.36 597 4.79 124 "rep 2" 13 25 9 58 1740.2922755741129 15662.630480167016 2273.1536565840493 21861.390428053433 120.5 97.66 19.532
110.26 84 4.89 126 7_211 single "rep 1" 2 26 10 58 2254.80572597137 22548.0572597137 108.76 598 4.989999999999999 132 "rep 2" 13 26 10 58 2179.5591182364733 21795.591182364733 2217.1824221039215 22171.824221039216 129 109.51 21.902
102.66000000000001 88 4.39 110 1_16_2 single "rep 1" 2 30 10 18 2338.4965831435084 23384.96583143508 163.45999999999998 602 4.59 110 "rep 2" 13 30 9 18 3561.2200435729847 32050.98039215686 2949.8583133582465 27717.97311179597 110 133.06 26.612000000000002
51.16 90 4.6899999999999995 110 1_112_2 single "rep 1" 2 32 10 18 1090.8315565031983 10908.315565031982 66.06 604 4.39 112 "rep 2" 13 32 8 18 1504.7835990888384 12038.268792710707 1297.8075777960184 11473.292178871345 111 58.61 11.722
41.36 92 3.59 112 1_99 single "rep 1" 2 34 9 18 1152.0891364902507 10368.802228412256 149.95999999999998 606 4.59 114 "rep 2" 13 34 10 18 3267.1023965141612 32671.023965141612 2209.595766502206 21519.913096776934 113 95.66 19.131999999999998
38.96 94 5.6899999999999995 117 3_169 single "rep 1" 2 36 10 50 684.7100175746925 6847.100175746926 75.16000000000001 608 4.6899999999999995 124 "rep 2" 13 36 1 50 1602.5586353944566 1602.5586353944566 1143.6343264845746 4224.829405570691 120.5 57.06 11.412
72.36 95 4.6899999999999995 110 7_58 single "rep 1" 2 37 10 58 1542.857142857143 15428.57142857143 142.66 609 4.59 114 "rep 2" 13 37 10 58 3108.0610021786492 31080.61002178649 2325.459072517896 23254.59072517896 112 107.50999999999999 21.502
76.26 96 5.89 117 7_74 single "rep 1" 2 38 10 58 1294.7368421052633 12947.368421052633 148.95999999999998 610 5.1899999999999995 125 "rep 2" 13 38 9 58 2870.134874759152 25831.213872832366 2082.4358584322076 19389.2911469425 121 112.60999999999999 22.522
108.96000000000001 97 4.79 117 1_133 single "rep 1" 2 39 10 18 2274.739039665971 22747.390396659714 59.559999999999995 611 5.09 117 "rep 2" 13 39 7 18 1170.1375245579566 8190.962671905696 1722.4382821119639 15469.176534282706 117 84.26 16.852
69.36 100 5.489999999999999 110 1_74 single "rep 1" 2 42 10 18 1263.3879781420767 12633.879781420766 207.16 614 5.09 117 "rep 2" 13 42 8 18 4069.9410609037327 32559.52848722986 2666.664519522905 22596.704134325315 113.5 138.26 27.651999999999997
91.06 101 4.489999999999999 105 2_62 single "rep 1" 2 43 10 28 2028.062360801782 20280.62360801782 52.059999999999995 615 5.79 106 "rep 2" 13 43 9 28 899.1364421416234 8092.227979274611 1463.5994014717028 14186.425793646216 105.5 71.56 14.312000000000001
44.86 103 4.39 118 1_218 single "rep 1" 2 45 7 18 1021.8678815489751 7153.075170842826 109.66000000000001 617 4.6899999999999995 112 "rep 2" 13 45 8 18 2338.1663113006402 18705.330490405122 1680.0170964248077 12929.202830623974 115 77.26 15.452000000000002
109.16000000000001 104 5.59 118 7_65 single "rep 1" 2 46 8 58 1952.7728085867623 15622.182468694098 124.16000000000001 618 5.489999999999999 124 "rep 2" 13 46 10 58 2261.5664845173046 22615.664845173047 2107.1696465520336 19118.923656933574 121 116.66000000000001 23.332
61.35999999999999 108 5.39 112 1_179_1 single "rep 1" 2 50 9 18 1138.4044526901669 10245.640074211502 56.559999999999995 622 5.489999999999999 118 "rep 2" 13 50 10 18 1030.2367941712205 10302.367941712204 1084.3206234306936 10274.004007961852 115 58.959999999999994 11.791999999999998
136.06 113 5.79 110 7_184 single "rep 1" 3 5 9 58 2349.9136442141626 21149.22279792746 168.16 627 4.89 111 "rep 2" 14 5 9 58 3438.8548057259713 30949.693251533743 2894.384224970067 26049.4580247306 110.5 152.11 30.422000000000004
24.659999999999997 115 4.39 118 1_114_2 single "rep 1" 3 7 10 18 561.7312072892938 5617.312072892938 47.46 629 4.6899999999999995 118 "rep 2" 14 7 8 18 1011.9402985074628 8095.522388059702 786.8357528983784 6856.41723047632 118 36.06 7.212000000000001
144.06 119 4.89 110 1_84 single "rep 1" 3 11 9 18 2946.01226993865 26514.11042944785 212.85999999999999 633 5.6899999999999995 106 "rep 2" 14 11 7 18 3740.9490333919157 26186.64323374341 3343.480651665283 26350.37683159563 108 178.45999999999998 35.69199999999999
92.66000000000001 120 4.79 111 1_75 single "rep 1" 3 12 10 18 1934.4467640918583 19344.467640918585 176.45999999999998 634 5.1899999999999995 110 "rep 2" 14 12 10 18 3400 34000 2667.223382045929 26672.233820459292 110.5 134.56 26.912
96.96000000000001 121 5.489999999999999 110 1_92 single "rep 1" 3 13 7 18 1766.1202185792354 12362.841530054648 103.96000000000001 635 4.989999999999999 117 "rep 2" 14 13 9 18 2083.3667334669344 18750.30060120241 1924.743476023085 15556.571065628528 113.5 100.46000000000001 20.092000000000002
79.26 123 5.89 117 2_90 single "rep 1" 3 15 10 28 1345.670628183362 13456.70628183362 127.56000000000002 637 4.989999999999999 119 "rep 2" 14 15 10 28 2556.3126252505017 25563.12625250502 1950.991626716932 19509.91626716932 118 103.41000000000001 20.682000000000002
132.06 125 5.489999999999999 112 7_214 single "rep 1" 3 17 10 58 2405.4644808743174 24054.644808743175 89.46000000000001 639 5.79 112 "rep 2" 14 17 10 58 1545.077720207254 15450.77720207254 1975.2711005407857 19752.71100540786 112 110.76 22.152
131.85999999999999 126 4.6899999999999995 124 7_207 single "rep 1" 3 18 9 58 2811.513859275053 25303.624733475477 122.36 640 5.1899999999999995 124 "rep 2" 14 18 10 58 2357.6107899807325 23576.107899807324 2584.562324627893 24439.8663166414 124 127.10999999999999 25.421999999999997
202.26 131 5.29 111 2_166 single "rep 1" 3 23 10 28 3823.4404536862 38234.404536862 173.35999999999999 645 5.39 112 "rep 2" 14 23 10 28 3216.326530612245 32163.26530612245 3519.8834921492225 35198.83492149222 111.5 187.81 37.562
78.96000000000001 132 5.6899999999999995 124 7_181 single "rep 1" 3 24 9 58 1387.6977152899829 12489.279437609846 116.46000000000001 646 5.1899999999999995 119 "rep 2" 14 24 10 58 2243.9306358381505 22439.306358381506 1815.8141755640668 17464.292897995678 121.5 97.71000000000001 19.542
66.76 135 4.39 110 1_8 single "rep 1" 3 27 8 18 1520.728929384966 12165.831435079728 123.86 649 5.1899999999999995 112 "rep 2" 14 27 10 18 2386.5125240847788 23865.12524084779 1953.6207267348723 18015.47833796376 111 95.31 19.062
56.96 139 4.6899999999999995 118 1_107 single "rep 1" 3 31 8 18 1214.4989339019191 9715.991471215353 72.76 653 4.89 119 "rep 2" 14 31 9 18 1487.9345603271986 13391.411042944786 1351.216747114559 11553.701257080069 118.5 64.86 12.972
119.96 141 4.6899999999999995 114 1_3 single "rep 1" 3 33 10 18 2557.7825159914714 25577.825159914715 128.16 655 5.6899999999999995 119 "rep 2" 14 33 10 18 2252.3725834797892 22523.725834797893 2405.0775497356303 24050.775497356306 116.5 124.06 24.812
155.95999999999998 143 5.89 111 2_19 single "rep 1" 3 35 10 28 2647.8777589134124 26478.777589134123 114.16000000000001 657 5.29 117 "rep 2" 14 35 9 28 2158.0340264650285 19422.306238185258 2402.9558926892205 22950.54191365969 114 135.06 27.012
97.56 144 5.09 114 2_85 single "rep 1" 3 36 9 28 1916.6994106090374 17250.294695481338 82.46000000000001 658 4.489999999999999 117 "rep 2" 14 36 10 28 1836.5256124721607 18365.256124721607 1876.612511540599 17807.775410101473 115.5 90.01 18.002000000000002
21.36 145 5.1899999999999995 117 2_44 single "rep 1" 3 37 10 28 411.5606936416185 4115.606936416185 76.36 659 5.489999999999999 124 "rep 2" 14 37 10 28 1390.8925318761387 13908.925318761387 901.2266127588787 9012.266127588786 120.5 48.86 9.772
72.36 146 5.29 112 7_118 single "rep 1" 3 38 9 58 1367.8638941398865 12310.775047258978 111.96000000000001 660 5.489999999999999 119 "rep 2" 14 38 10 58 2039.3442622950824 20393.442622950824 1703.6040782174846 16352.1088351049 115.5 92.16 18.432
61.559999999999995 152 3.6899999999999995 119 3_158 single "rep 1" 3 44 10 50 1668.2926829268295 16682.926829268294 117.36 666 5.1899999999999995 117 "rep 2" 14 44 7 50 2261.2716763005783 15828.901734104049 1964.7821796137039 16255.914281686171 118 89.46 17.892
88.16000000000001 153 4.79 112 1_214 single "rep 1" 3 45 10 18 1840.5010438413365 18405.010438413367 143.35999999999999 667 5.989999999999999 110 "rep 2" 14 45 8 18 2393.322203672788 19146.577629382304 2116.9116237570624 18775.794033897837 111 115.75999999999999 23.151999999999997
113.96000000000001 159 5.79 112 2_144 single "rep 1" 4 1 10 28 1968.2210708117445 19682.210708117447 191.76 673 4.989999999999999 118 "rep 2" 15 1 10 28 3842.8857715430863 38428.857715430866 2905.5534211774157 29055.534211774157 115 152.86 30.572000000000003
147.16 160 5.39 124 7_94 single "rep 1" 4 2 8 58 2730.2411873840447 21841.929499072357 103.76 674 5.59 124 "rep 2" 15 2 10 58 1856.1717352415028 18561.717352415028 2293.2064613127736 20201.823425743692 124 125.46000000000001 25.092000000000002
67.66000000000001 161 6.29 117 7_176 single "rep 1" 4 3 8 58 1075.6756756756758 8605.405405405407 150.56 675 5.59 112 "rep 2" 15 3 8 58 2693.381037567084 21547.048300536673 1884.52835662138 15076.22685297104 114.5 109.11000000000001 21.822000000000003
70.06 162 5.29 119 2_34 single "rep 1" 4 4 7 28 1324.3856332703213 9270.699432892248 125.46 676 5.89 119 "rep 2" 15 4 5 28 2130.050933786078 10650.25466893039 1727.2182835281997 9960.477050911319 119 97.75999999999999 19.552
120.06000000000002 165 4.89 105 2_156 single "rep 1" 4 7 10 28 2455.214723926381 24552.14723926381 106.86 679 4.79 112 "rep 2" 15 7 10 28 2230.8977035490607 22308.977035490607 2343.056213737721 23430.56213737721 108.5 113.46000000000001 22.692
34.66 166 3.79 119 7_141 single "rep 1" 4 8 10 58 914.5118733509233 9145.118733509233 101.16000000000001 680 4.489999999999999 112 "rep 2" 15 8 10 58 2253.006681514477 22530.066815144768 1583.7592774327002 15837.592774327 115.5 67.91 13.581999999999999
60.46 167 6.1899999999999995 117 2_106 single "rep 1" 4 9 10 28 976.7366720516964 9767.366720516964 64.06 681 4.39 119 "rep 2" 15 9 10 28 1459.225512528474 14592.255125284739 1217.9810922900851 12179.810922900851 118 62.260000000000005 12.452000000000002
21.96 168 4.59 132 67_3_3 single "rep 1" 4 10 10 0 478.43137254901967 4784.313725490197 65.76 682 4.29 132 "rep 2" 15 10 10 0 1532.867132867133 15328.671328671331 1005.6492527080763 10056.492527080763 132 43.86 8.772
101.46000000000001 170 5.09 112 2_119 single "rep 1" 4 12 10 28 1993.3202357563853 19933.202357563852 159.85999999999999 684 5.79 113 "rep 2" 15 12 10 28 2760.9671848013813 27609.671848013815 2377.143710278883 23771.437102788834 112.5 130.66 26.131999999999998
121.16000000000001 171 5.09 112 2_202 single "rep 1" 4 13 10 28 2380.3536345776033 23803.536345776032 102.66000000000001 685 4.79 106 "rep 2" 15 13 9 28 2143.2150313152406 19288.935281837166 2261.784332946422 21546.235813806597 109 111.91000000000001 22.382
67.96000000000001 174 4.6899999999999995 124 7_84 single "rep 1" 4 16 9 58 1449.040511727079 13041.364605543711 131.16 688 5.59 117 "rep 2" 15 16 9 58 2346.3327370304114 21116.9946332737 1897.6866243787454 17079.179619408707 120.5 99.56 19.912
80.76 175 4.6899999999999995 117 2_3 single "rep 1" 4 17 9 28 1721.9616204690833 15497.65458422175 73.86 689 5.989999999999999 117 "rep 2" 15 17 6 28 1233.0550918196996 7398.330550918197 1477.5083561443914 11447.992567569974 117 77.31 15.462
48.76 176 3.59 121 2_123 single "rep 1" 4 18 10 28 1358.217270194986 13582.17270194986 55.26 690 3.79 124 "rep 2" 15 18 9 28 1458.0474934036938 13122.427440633244 1408.1323817993398 13352.300071291553 122.5 52.01 10.402
131.95999999999998 177 5.09 119 2_138 single "rep 1" 4 19 9 28 2592.5343811394887 23332.809430255398 123.26 691 5.89 112 "rep 2" 15 19 10 28 2092.6994906621394 20926.994906621396 2342.616935900814 22129.9021684384 115.5 127.60999999999999 25.522
118.16000000000001 180 4.6899999999999995 119 1_136 single "rep 1" 4 22 9 18 2519.4029850746274 22674.626865671646 113.86 694 5.29 118 "rep 2" 15 22 10 18 2152.362948960302 21523.629489603023 2335.8829670174646 22099.128177637336 118.5 116.01 23.202
68.86 181 5.09 105 2_47 single "rep 1" 4 23 10 28 1352.8487229862476 13528.487229862476 147.66 695 4.89 105 "rep 2" 15 23 7 28 3019.6319018404906 21137.423312883435 2186.240312413369 17332.955271372957 105 108.25999999999999 21.651999999999997
65.46000000000001 182 5.79 124 2_108 single "rep 1" 4 24 7 28 1130.5699481865286 7913.9896373057 76.06 696 4.989999999999999 121 "rep 2" 15 24 4 28 1524.2484969939883 6096.993987975953 1327.4092225902584 7005.4918126408265 122.5 70.76 14.152000000000001
11.659999999999998 186 2.59 112 1_93 single "rep 1" 4 28 10 18 450.1930501930501 4501.930501930501 63.160000000000004 700 4.29 112 "rep 2" 15 28 10 18 1472.2610722610723 14722.610722610723 961.2270612270612 9612.270612270611 112 37.410000000000004 7.482000000000001
106.76 188 4.39 110 2_66 single "rep 1" 4 30 8 28 2431.8906605922557 19455.125284738046 155.85999999999999 702 4.79 110 "rep 2" 15 30 8 28 3253.8622129436326 26030.89770354906 2842.876436767944 22743.011494143553 110 131.31 26.262
60.85999999999999 189 4.29 124 1_18 single "rep 1" 4 31 10 18 1418.6480186480185 14186.480186480185 89.06 703 5.09 118 "rep 2" 15 31 10 18 1749.705304518664 17497.05304518664 1584.1766615833412 15841.766615833412 121 74.96 14.991999999999999
98.36 190 4.89 124 2_120 single "rep 1" 4 32 10 28 2011.4519427402863 20114.51942740286 175.85999999999999 704 4.89 118 "rep 2" 15 32 6 28 3596.3190184049076 21577.914110429447 2803.885480572597 20846.216768916154 121 137.10999999999999 27.421999999999997
66.06 193 4.6899999999999995 112 1_212 single "rep 1" 4 35 10 18 1408.5287846481879 14085.287846481879 88.06 707 5.09 118 "rep 2" 15 35 10 18 1730.0589390962673 17300.589390962672 1569.2938618722276 15692.938618722275 115 77.06 15.412
53.26 195 5.09 124 1_98 single "rep 1" 4 37 4 18 1046.3654223968565 4185.461689587426 75.16000000000001 709 6.1899999999999995 124 "rep 2" 15 37 10 18 1214.2164781906304 12142.164781906304 1130.2909502937434 8163.813235746865 124 64.21000000000001 12.842000000000002
64.16000000000001 196 4.79 110 2_100 single "rep 1" 4 38 9 28 1339.4572025052196 12055.114822546977 136.35999999999999 710 5.29 112 "rep 2" 15 38 7 28 2577.6937618147444 18043.85633270321 1958.5754821599821 15049.485577625093 111 100.25999999999999 20.052
63.660000000000004 197 4.1899999999999995 113 1_120 single "rep 1" 4 39 6 18 1519.331742243437 9115.990453460621 91.46000000000001 711 4.59 110 "rep 2" 15 39 8 18 1992.5925925925928 15940.740740740743 1755.9621674180148 12528.365597100681 111.5 77.56 15.512
134.66 198 4.79 119 3_186 single "rep 1" 4 40 10 50 2811.273486430063 28112.734864300626 136.35999999999999 712 5.6899999999999995 118 "rep 2" 15 40 10 50 2396.4850615114237 23964.850615114236 2603.8792739707433 26038.79273970743 118.5 135.51 27.101999999999997
120.46 199 5.59 113 7_165 single "rep 1" 4 41 10 58 2154.9194991055456 21549.194991055454 161.56 713 5.489999999999999 112 "rep 2" 15 41 10 58 2942.80510018215 29428.0510018215 2548.862299643848 25488.622996438477 112.5 141.01 28.201999999999998
72.66000000000001 200 4.79 117 1_147_1 single "rep 1" 4 42 10 18 1516.9102296450942 15169.102296450943 60.26 714 5.1899999999999995 112 "rep 2" 15 42 10 18 1161.078998073218 11610.78998073218 1338.994613859156 13389.94613859156 114.5 66.46000000000001 13.292000000000002
81.06 201 4.989999999999999 117 3_87 single "rep 1" 4 43 9 50 1624.4488977955914 14620.040080160323 53.26 715 4.59 118 "rep 2" 15 43 10 50 1160.3485838779957 11603.485838779958 1392.3987408367934 13111.76295947014 117.5 67.16 13.431999999999999
133.85999999999999 202 5.489999999999999 119 7_7 single "rep 1" 4 44 10 58 2438.251366120219 24382.51366120219 162.06 716 5.989999999999999 118 "rep 2" 15 44 9 58 2705.50918196995 24349.582637729553 2571.8802740450847 24366.04814946587 118.5 147.95999999999998 29.591999999999995
79.76 203 4.6899999999999995 117 63_4 single "rep 1" 4 45 7 0 1700.6396588486143 11904.4776119403 142.35999999999999 717 4.489999999999999 117 "rep 2" 15 45 10 0 3170.601336302895 31706.01336302895 2435.6204975757546 21805.245487484623 117 111.06 22.212
60.76 205 5.29 125 7_152 single "rep 1" 4 47 10 58 1148.5822306238185 11485.822306238186 94.96000000000001 719 6.09 121 "rep 2" 15 47 10 58 1559.2775041050907 15592.775041050907 1353.9298673644546 13539.298673644545 123 77.86 15.572
113.46000000000001 213 5.29 119 7_96 single "rep 1" 5 5 10 58 2144.801512287335 21448.01512287335 76.06 727 5.6899999999999995 124 "rep 2" 16 5 10 58 1336.731107205624 13367.31107205624 1740.7663097464795 17407.663097464792 121.5 94.76 18.952
96.56 214 5.29 119 7_100 single "rep 1" 5 6 9 58 1825.3308128544422 16427.97731568998 67.86 728 4.989999999999999 118 "rep 2" 16 6 8 58 1359.9198396793588 10879.35871743487 1592.6253262669006 13653.668016562424 118.5 82.21000000000001 16.442
49.36 216 4.989999999999999 112 1_174 single "rep 1" 5 8 10 18 989.178356713427 9891.78356713427 71.56 730 3.9899999999999993 118 "rep 2" 16 8 10 18 1793.4837092731834 17934.837092731836 1391.3310329933051 13913.310329933052 115 60.46 12.092
100.06 219 4.79 117 7_87 single "rep 1" 5 11 10 58 2088.935281837161 20889.352818371608 61.35999999999999 733 4.989999999999999 117 "rep 2" 16 11 7 58 1229.6593186372745 8607.615230460922 1659.2973002372178 14748.484024416266 117 80.71 16.142
118.76 221 4.489999999999999 113 1_14 single "rep 1" 5 13 8 18 2644.9888641425396 21159.910913140317 103.96000000000001 735 4.39 117 "rep 2" 16 13 11 18 2368.109339407745 26049.202733485195 2506.5491017751424 23604.556823312756 115 111.36000000000001 22.272000000000002
39.46 222 4.29 110 1_187 single "rep 1" 5 14 8 18 919.8135198135199 7358.508158508159 109.36 736 4.79 107 "rep 2" 16 14 7 18 2283.0897703549062 15981.628392484345 1601.451645084213 11670.06827549625 108.5 74.41 14.882
138.76 227 5.09 113 1_191 single "rep 1" 5 19 10 18 2726.129666011788 27261.296660117878 116.96 741 6.39 114 "rep 2" 16 19 8 18 1830.3599374021908 14642.879499217526 2278.244801706989 20952.0880796677 113.5 127.85999999999999 25.571999999999996
95.36 228 4.6899999999999995 121 7_53 single "rep 1" 5 20 9 58 2033.2622601279318 18299.360341151387 57.96 742 4.989999999999999 124 "rep 2" 16 20 9 58 1161.5230460921846 10453.707414829662 1597.3926531100583 14376.533877990525 122.5 76.66 15.331999999999999
158.76 231 4.79 112 1_169 single "rep 1" 5 23 8 18 3314.4050104384132 26515.240083507306 130.06 745 5.29 112 "rep 2" 16 23 10 18 2458.6011342155007 24586.011342155005 2886.503072326957 25550.625712831155 112 144.41 28.881999999999998
149.45999999999998 233 5.29 114 7_173 single "rep 1" 5 25 10 58 2825.330812854442 28253.308128544417 81.46000000000001 747 4.59 114 "rep 2" 16 25 4 58 1774.7276688453162 7098.910675381265 2300.029240849879 17676.10940196284 114 115.46 23.092
70.56 236 4.29 119 7_11 single "rep 1" 5 28 10 58 1644.7552447552448 16447.552447552447 26.259999999999998 750 5.489999999999999 118 "rep 2" 16 28 8 58 478.32422586520954 3826.5938069216763 1061.5397353102271 10137.073127237061 118.5 48.41 9.681999999999999
116.16000000000001 237 4.39 119 2_46 single "rep 1" 5 29 8 28 2646.013667425969 21168.10933940775 106.86 751 5.489999999999999 114 "rep 2" 16 29 10 28 1946.4480874316944 19464.480874316945 2296.2308774288317 20316.295106862348 116.5 111.51 22.302
46.66 240 3.6899999999999995 106 62_5 single "rep 1" 5 32 9 0 1264.49864498645 11380.48780487805 44.96 754 4.39 107 "rep 2" 16 32 8 0 1024.1457858769934 8193.166287015947 1144.3222154317218 9786.827045946999 106.5 45.81 9.162
84.86 245 4.79 124 2_171 single "rep 1" 5 37 7 28 1771.60751565762 12401.25260960334 86.56 759 5.79 117 "rep 2" 16 37 10 28 1494.9913644214162 14949.91364421416 1633.2994400395182 13675.58312690875 120.5 85.71000000000001 17.142000000000003
84.46000000000001 246 5.09 119 3_72 single "rep 1" 5 38 8 50 1659.3320235756387 13274.65618860511 106.86 760 5.39 124 "rep 2" 16 38 7 50 1982.5602968460112 13877.922077922078 1820.946160210825 13576.289133263594 121.5 95.66 19.131999999999998
88.56 247 3.8899999999999997 112 1_128 single "rep 1" 5 39 10 18 2276.6066838046277 22766.066838046278 105.46000000000001 761 5.59 112 "rep 2" 16 39 10 18 1886.583184257603 18865.83184257603 2081.5949340311154 20815.949340311156 112 97.01 19.402
52.559999999999995 248 4.59 132 45_3_2 single "rep 1" 5 40 10 0 1145.0980392156862 11450.980392156862 33.46 762 5.39 132 "rep 2" 16 40 7 0 620.77922077922085 4345.454545454546 882.9386299974535 7898.217468805704 132 43.01 8.602
99.46000000000001 251 5.489999999999999 110 2_163 single "rep 1" 5 43 9 28 1811.6575591985434 16304.91803278689 131.45999999999998 765 5.59 112 "rep 2" 16 43 10 28 2351.69946332737 23516.994633273698 2081.678511262957 19910.956333030295 111 115.46 23.092
73.26 252 5.59 121 2_20 single "rep 1" 5 44 10 28 1310.5545617173525 13105.545617173524 121.16000000000001 766 5.1899999999999995 118 "rep 2" 16 44 10 28 2334.4894026974957 23344.89402697496 1822.5219822074241 18225.219822074243 119.5 97.21000000000001 19.442
120.76 258 4.79 112 1_6 single "rep 1" 5 50 10 18 2521.0855949895617 25210.855949895617 115.76 772 6.1899999999999995 112 "rep 2" 16 50 8 18 1870.113085621971 14960.904684975769 2195.5993403057664 20085.880317435694 112 118.26 23.652
120.76 258 4.79 112 1_6 single "rep 1" 5 50 10 18 2521.0855949895617 25210.855949895617 179.06 910 5.89 117 "rep 2" 19 38 9 18 3040.067911714771 27360.61120543294 2780.5767533521666 26285.73357766428 114.5 149.91 29.982
116.96 259 4.59 112 1_105_1 single "rep 1" 6 1 10 18 2548.1481481481483 25481.48148148148 95.86 773 3.9899999999999993 117 "rep 2" 17 1 9 18 2402.5062656641608 21622.556390977446 2475.3272069061545 23552.018936229462 114.5 106.41 21.282
98.76 260 4.989999999999999 114 1_47_1 single "rep 1" 6 2 9 18 1979.1583166332668 17812.4248496994 114.66000000000001 774 5.79 112 "rep 2" 17 2 10 18 1980.3108808290158 19803.10880829016 1979.7345987311414 18807.76682899478 113 106.71000000000001 21.342000000000002
65.16000000000001 261 6.09 124 1_85 single "rep 1" 6 3 6 18 1069.9507389162563 6419.704433497538 94.56 775 4.989999999999999 124 "rep 2" 17 3 1 18 1894.9899799599202 1894.9899799599202 1482.4703594380883 4157.347206728729 124 79.86000000000001 15.972000000000003
120.16000000000001 262 5.79 117 2_56 single "rep 1" 6 4 10 28 2075.302245250432 20753.02245250432 64.26 776 4.89 112 "rep 2" 17 4 10 28 1314.110429447853 13141.10429447853 1694.7063373491424 16947.063373491423 114.5 92.21000000000001 18.442
51.96 269 4.489999999999999 112 2_79 single "rep 1" 6 11 5 28 1157.238307349666 5786.19153674833 192.06 783 5.489999999999999 112 "rep 2" 17 11 5 28 3498.3606557377057 17491.803278688527 2327.799481543686 11638.997407718429 112 122.01 24.402
162.16 270 4.09 110 3_139 single "rep 1" 6 12 8 50 3964.79217603912 31718.33740831296 167.35999999999999 784 4.6899999999999995 107 "rep 2" 17 12 10 50 3568.443496801706 35684.434968017056 3766.617836420413 33701.38618816501 108.5 164.76 32.952
124.96 271 5.79 117 3_67 single "rep 1" 6 13 10 50 2158.203799654577 21582.03799654577 139.45999999999998 785 5.79 117 "rep 2" 17 13 10 50 2408.635578583765 24086.35578583765 2283.419689119171 22834.19689119171 117 132.20999999999998 26.441999999999997
99.16000000000001 272 4.39 106 1_110 single "rep 1" 6 14 10 18 2258.7699316628705 22587.699316628707 87.16000000000001 786 4.59 110 "rep 2" 17 14 8 18 1898.910675381264 15191.285403050111 2078.840303522067 18889.49235983941 108 93.16000000000001 18.632
124.56000000000002 273 4.6899999999999995 126 1_67 single "rep 1" 6 15 8 18 2655.8635394456296 21246.908315565037 57.85999999999999 787 4.39 124 "rep 2" 17 15 10 18 1317.995444191344 13179.95444191344 1986.929491818487 17213.43137873924 125 91.21000000000001 18.242
163.16 274 4.489999999999999 112 1_195_3 single "rep 1" 6 16 9 18 3633.8530066815147 32704.677060133632 39.36 788 2.6899999999999995 112 "rep 2" 17 16 8 18 1463.1970260223052 11705.576208178441 2548.52501635191 22205.126634156037 112 101.25999999999999 20.252
174.35999999999999 276 4.79 112 1_156 single "rep 1" 6 18 5 18 3640.0835073068893 18200.417536534445 112.46000000000001 790 3.8899999999999997 117 "rep 2" 17 18 9 18 2891.002570694088 26019.02313624679 3265.5430390004885 22109.720336390616 114.5 143.41 28.682
110.16000000000001 278 4.489999999999999 124 1_203 single "rep 1" 6 20 10 18 2453.4521158129182 24534.52115812918 47.46 792 3.4899999999999993 124 "rep 2" 17 20 10 18 1359.8853868194844 13598.853868194845 1906.6687513162015 19066.68751316201 124 78.81 15.762
120.66000000000001 279 5.39 132 2_43 single "rep 1" 6 21 7 28 2238.5899814471245 15670.129870129871 49.36 793 4.6899999999999995 112 "rep 2" 17 21 10 28 1052.452025586354 10524.52025586354 1645.5210035167393 13097.325062996704 122 85.01 17.002000000000002
29.659999999999997 280 4.59 105 2_139 single "rep 1" 6 22 6 28 646.1873638344226 3877.1241830065355 91.26 794 5.39 107 "rep 2" 17 22 10 28 1693.135435992579 16931.35435992579 1169.6613999135009 10404.239271466162 106 60.46 12.092
36.36 285 5.09 117 7_119 single "rep 1" 6 27 9 58 714.3418467583497 6429.076620825147 52.059999999999995 799 5.39 118 "rep 2" 17 27 10 58 965.8627087198515 9658.627087198514 840.1022777391006 8043.851854011831 117.5 44.209999999999994 8.841999999999999
70.86 286 3.59 117 1_116 single "rep 1" 6 28 7 18 1973.8161559888579 13816.713091922005 131.76 800 4.1899999999999995 117 "rep 2" 17 28 9 18 3144.6300715990456 28301.670644391408 2559.2231137939516 21059.191868156708 117 101.31 20.262
67.06 287 4.489999999999999 112 2_132 single "rep 1" 6 29 10 28 1493.541202672606 14935.41202672606 98.06 801 4.6899999999999995 117 "rep 2" 17 29 10 28 2090.8315565031985 20908.315565031986 1792.1863795879021 17921.863795879024 114.5 82.56 16.512
27.36 288 4.29 142 69_5_1 single "rep 1" 6 30 8 0 637.7622377622378 5102.097902097902 77.56 802 4.59 132 "rep 2" 17 30 7 0 1689.760348583878 11828.322440087148 1163.761293173058 8465.210171092525 137 52.46 10.492
113.36 291 5.79 112 7_219 single "rep 1" 6 33 10 58 1957.8583765112262 19578.583765112264 85.66000000000001 805 5.39 112 "rep 2" 17 33 9 58 1589.2393320964752 14303.153988868276 1773.5488543038507 16940.86887699027 112 99.51 19.902
156.06 292 4.489999999999999 111 2_101 single "rep 1" 6 34 10 28 3475.723830734967 34757.238307349675 108.76 806 5.09 111 "rep 2" 17 34 9 28 2136.7387033398822 19230.64833005894 2806.231267037425 26993.943318704307 111 132.41 26.482
35.86 294 5.79 118 7_190 single "rep 1" 6 36 10 58 619.3436960276339 6193.436960276339 36.059999999999995 808 5.39 119 "rep 2" 17 36 10 58 669.0166975881261 6690.166975881261 644.1801968078801 6441.8019680788 118.5 35.959999999999994 7.191999999999998
38.66 295 3.8899999999999997 132 2_81 single "rep 1" 6 37 9 28 993.8303341902314 8944.473007712082 117.36 809 4.59 117 "rep 2" 17 37 10 28 2556.8627450980393 25568.62745098039 1775.3465396441354 17256.550229346238 124.5 78.00999999999999 15.601999999999999
13.860000000000001 298 4.59 105 51_5_3 single "rep 1" 6 40 8 0 301.9607843137255 2415.686274509804 22.96 812 4.29 105 "rep 2" 17 40 9 0 535.1981351981352 4816.783216783217 418.5794597559304 3616.2347456465104 105 18.41 3.682
69.46000000000001 301 4.39 112 1_118 single "rep 1" 6 43 10 18 1582.2323462414583 15822.323462414584 45.96 815 4.39 118 "rep 2" 17 43 9 18 1046.9248291571755 9422.323462414579 1314.5785876993168 12622.32346241458 115 57.71000000000001 11.542000000000002
182.95999999999998 304 5.489999999999999 117 7_105 single "rep 1" 6 46 9 58 3332.604735883425 29993.442622950824 186.26 818 5.79 119 "rep 2" 17 46 4 58 3216.9257340241793 12867.702936096717 3274.765234953802 21430.57277952377 118 184.60999999999999 36.922
160.95999999999998 308 4.29 126 2_121 single "rep 1" 6 50 10 28 3751.9813519813515 37519.81351981351 124.26 822 3.6899999999999995 119 "rep 2" 17 50 10 28 3367.4796747967484 33674.796747967484 3559.73051338905 35597.3051338905 122.5 142.60999999999999 28.522
132.95999999999998 312 4.39 118 2_195 single "rep 1" 7 4 10 28 3028.7015945330295 30287.015945330295 150.26 826 4.89 124 "rep 2" 18 4 10 28 3072.8016359918197 30728.016359918198 3050.751615262425 30507.516152624245 121 141.60999999999999 28.321999999999996
115.86 313 4.39 118 2_99 single "rep 1" 7 5 8 28 2639.1799544419137 21113.43963553531 122.56000000000002 827 5.59 119 "rep 2" 18 5 9 28 2192.486583184258 19732.379248658322 2415.833268813086 20422.909442096818 118.5 119.21000000000001 23.842000000000002
129.56 315 4.29 106 1_103 single "rep 1" 7 7 8 18 3020.04662004662 24160.37296037296 138.35999999999999 829 4.489999999999999 107 "rep 2" 18 7 4 18 3081.514476614699 12326.057906458796 3050.7805483306593 18243.215433415877 106.5 133.95999999999998 26.791999999999994
72.66000000000001 319 3.8899999999999997 112 1_2 single "rep 1" 7 11 10 18 1867.8663239074554 18678.663239074554 149.66 833 4.39 107 "rep 2" 18 11 10 18 3409.111617312073 34091.11617312073 2638.4889706097642 26384.889706097645 109.5 111.16 22.232
91.36 320 5.39 117 1_65 single "rep 1" 7 12 9 18 1694.9907235621522 15254.91651205937 89.06 834 3.9899999999999993 118 "rep 2" 18 12 9 18 2232.080200501254 20088.721804511282 1963.535462031703 17671.819158285325 117.5 90.21000000000001 18.042
106.66000000000001 322 5.09 118 1_22 single "rep 1" 7 14 8 18 2095.481335952849 16763.85068762279 153.45999999999998 836 6.1899999999999995 112 "rep 2" 18 14 5 18 2479.1599353796446 12395.799676898223 2287.3206356662467 14579.825182260507 115 130.06 26.012
80.96000000000001 323 3.6899999999999995 106 60_4 single "rep 1" 7 15 10 0 2194.037940379404 21940.37940379404 51.559999999999995 837 4.89 106 "rep 2" 18 15 10 0 1054.39672801636 10543.967280163599 1624.2173341978819 16242.173341978818 106 66.26 13.252
92.06 325 4.989999999999999 124 7_5 single "rep 1" 7 17 9 58 1844.8897795591186 16604.00801603207 150.95999999999998 839 5.6899999999999995 124 "rep 2" 18 17 10 58 2653.0755711775046 26530.755711775048 2248.9826753683114 21567.38186390356 124 121.50999999999999 24.302
92.06 325 4.989999999999999 124 7_5 single "rep 1" 7 17 9 58 1844.8897795591186 16604.00801603207 60.160000000000004 839 4.39 124 "rep 2" 18 17 10 58 1370.3872437357634 13703.872437357633 1607.638511647441 15153.940226694851 124 76.11 15.222
37.36 330 4.489999999999999 117 1_19 single "rep 1" 7 22 10 18 832.0712694877507 8320.712694877508 75.06 844 5.1899999999999995 117 "rep 2" 18 22 9 18 1446.2427745664743 13016.184971098268 1139.1570220271124 10668.448832987888 117 56.21 11.242
154.85999999999999 332 5.79 117 7_38 single "rep 1" 7 24 9 58 2674.61139896373 24071.502590673572 124.26 846 6.489999999999999 119 "rep 2" 18 24 10 58 1914.6379044684131 19146.37904468413 2294.6246517160716 21608.94081767885 118 139.56 27.912
119.36 334 4.79 119 2_84 single "rep 1" 7 26 10 28 2491.858037578288 24918.58037578288 124.36 848 6.1899999999999995 118 "rep 2" 18 26 10 28 2009.0468497576737 20090.468497576738 2250.452443667981 22504.524436679807 118.5 121.86 24.372
62.559999999999995 335 4.989999999999999 132 3_196 single "rep 1" 7 27 10 50 1253.7074148296595 12537.074148296595 83.76 849 4.59 125 "rep 2" 18 27 10 50 1824.8366013071898 18248.366013071896 1539.2720080684246 15392.720080684245 128.5 73.16 14.632
124.06000000000002 336 3.59 118 7_20 single "rep 1" 7 28 10 58 3455.7103064066855 34557.103064066854 147.85999999999999 850 4.39 117 "rep 2" 18 28 10 58 3368.1093394077448 33681.09339407745 3411.909822907215 34119.09822907215 117.5 135.96 27.192
72.16000000000001 337 4.79 124 1_135 single "rep 1" 7 29 7 18 1506.4718162839251 10545.302713987476 58.660000000000004 851 4.989999999999999 119 "rep 2" 18 29 10 18 1175.551102204409 11755.511022044091 1341.011459244167 11150.406868015783 121.5 65.41000000000001 13.082000000000003
81.86 341 3.4899999999999993 124 2_173 single "rep 1" 7 33 9 28 2345.5587392550146 21110.028653295132 89.96000000000001 855 5.79 124 "rep 2" 18 33 7 28 1553.713298791019 10875.993091537133 1949.6360190230168 15993.010872416133 124 85.91 17.182
108.66000000000001 343 4.59 113 1_24 single "rep 1" 7 35 7 18 2367.320261437909 16571.241830065363 111.96000000000001 857 5.6899999999999995 112 "rep 2" 18 35 10 18 1967.6625659050972 19676.625659050973 2167.491413671503 18123.93374455817 112.5 110.31 22.062
131.06 346 5.489999999999999 125 2_157 single "rep 1" 7 38 10 28 2387.2495446265943 23872.495446265944 33.86 860 5.09 118 "rep 2" 18 38 9 28 665.2259332023575 5987.033398821218 1526.2377389144758 14929.764422543582 121.5 82.46000000000001 16.492
65.56 347 3.29 114 1_162_3 single "rep 1" 7 39 10 18 1992.7051671732524 19927.051671732523 64.66000000000001 861 4.989999999999999 113 "rep 2" 18 39 9 18 1295.791583166333 11662.124248496999 1644.2483751697928 15794.58796011476 113.5 65.11000000000001 13.022000000000002
79.36 351 4.39 114 1_165_3 single "rep 1" 7 43 10 18 1807.744874715262 18077.448747152623 62.85999999999999 865 5.59 117 "rep 2" 18 43 10 18 1124.5080500894453 11245.080500894454 1466.1264624023538 14661.264624023537 115.5 71.11 14.222
227.06 359 5.59 118 1_134 single "rep 1" 8 1 7 18 4061.8962432915923 28433.273703041144 118.16000000000001 873 5.39 112 "rep 2" 19 1 10 18 2192.2077922077924 21922.077922077922 3127.0520177496924 25177.675812559533 115 172.61 34.522000000000006
71.66000000000001 364 3.29 110 65_2 single "rep 1" 8 6 8 0 2178.1155015197573 17424.92401215806 132.26 878 4.09 110 "rep 2" 19 6 9 0 3233.7408312958432 29103.66748166259 2705.9281664078003 23264.295746910324 110 101.96000000000001 20.392000000000003
81.36 366 5.09 118 7_12 single "rep 1" 8 8 10 58 1598.4282907662082 15984.282907662082 120.46 880 5.39 114 "rep 2" 19 8 9 58 2234.8794063079777 20113.914656771798 1916.653848537093 18049.09878221694 116 100.91 20.182
33.66 367 3.6899999999999995 124 7_126 single "rep 1" 8 9 9 58 912.1951219512196 8209.756097560976 67.36 881 4.1899999999999995 124 "rep 2" 19 9 7 58 1607.6372315035803 11253.460620525062 1259.9161767274 9731.608359043019 124 50.51 10.102
72.66000000000001 371 4.1899999999999995 118 58_3_3 single "rep 1" 8 13 10 0 1734.1288782816234 17341.288782816235 115.76 885 4.29 112 "rep 2" 19 13 7 0 2698.3682983682984 18888.578088578088 2216.248588324961 18114.93343569716 115 94.21000000000001 18.842000000000002
89.46000000000001 372 4.6899999999999995 119 7_40 single "rep 1" 8 14 9 58 1907.4626865671644 17167.16417910448 32.96 886 4.6899999999999995 117 "rep 2" 19 14 8 58 702.771855010661 5622.174840085288 1305.1172707889127 11394.669509594883 118 61.21000000000001 12.242
44.86 374 4.39 117 1_45 single "rep 1" 8 16 9 18 1021.8678815489751 9196.810933940777 67.26 888 3.79 112 "rep 2" 19 16 8 18 1774.67018469657 14197.36147757256 1398.2690331227725 11697.086205756668 114.5 56.06 11.212
83.36 375 3.4899999999999993 112 1_124 single "rep 1" 8 17 4 18 2388.5386819484247 9554.154727793699 64.26 889 4.1899999999999995 112 "rep 2" 19 17 10 18 1533.6515513126496 15336.515513126496 1961.0951166305372 12445.335120460099 112 73.81 14.762
92.26 376 5.489999999999999 124 2_175 single "rep 1" 8 18 9 28 1680.5100182149367 15124.59016393443 56.85999999999999 890 5.09 112 "rep 2" 19 18 10 28 1117.092337917485 11170.923379174852 1398.801178066211 13147.756771554641 118 74.56 14.912
158.35999999999999 380 5.29 118 7_198 single "rep 1" 8 22 10 58 2993.572778827977 29935.727788279768 145.06 894 6.1899999999999995 118 "rep 2" 19 22 9 58 2343.45718901454 21091.114701130857 2668.514983921258 25513.421244705314 118 151.70999999999998 30.341999999999995
111.96000000000001 381 4.79 114 3_118 single "rep 1" 8 23 8 50 2337.3695198329856 18698.956158663885 158.35999999999999 895 5.29 112 "rep 2" 19 23 10 50 2993.572778827977 29935.727788279768 2665.4711493304812 24317.341973471826 113 135.16 27.032
132.26 383 5.1899999999999995 106 2_167 single "rep 1" 8 25 6 28 2548.3622350674373 15290.173410404623 212.85999999999999 897 5.09 105 "rep 2" 19 25 1 28 4181.925343811395 4181.925343811395 3365.1437894394157 9736.04937710801 105.5 172.56 34.512
124.86 384 4.6899999999999995 119 7_81 single "rep 1" 8 26 9 58 2662.26012793177 23960.341151385932 97.76 898 6.09 125 "rep 2" 19 26 10 58 1605.2545155993434 16052.545155993434 2133.7573217655568 20006.44315368968 122 111.31 22.262
48.66 386 5.1899999999999995 106 2_160 single "rep 1" 8 28 8 28 937.5722543352601 7500.578034682081 199.56 900 4.89 105 "rep 2" 19 28 10 28 4080.9815950920247 40809.815950920245 2509.2769247136425 24155.196992801164 105.5 124.11 24.822
136.66 388 5.39 110 7_167 single "rep 1" 8 30 7 58 2535.43599257885 17748.05194805195 180.06 902 5.989999999999999 112 "rep 2" 19 30 9 58 3006.0100166944912 27054.09015025042 2770.7230046366703 22401.071049151185 111 158.36 31.672000000000004
44.26 390 4.489999999999999 112 7_158 single "rep 1" 8 32 8 58 985.7461024498887 7885.968819599109 53.160000000000004 904 5.6899999999999995 110 "rep 2" 19 32 10 58 934.2706502636206 9342.706502636207 960.0083763567546 8614.337661117657 111 48.71 9.742
33.66 391 4.79 124 61_5_3 single "rep 1" 8 33 9 0 702.7139874739039 6324.425887265135 187.76 905 5.59 124 "rep 2" 19 33 8 0 3358.8550983899822 26870.840787119858 2030.7845429319432 16597.633337192496 124 110.71 22.142
48.76 392 4.79 113 46_4_3 single "rep 1" 8 34 7 0 1017.9540709812109 7125.678496868476 93.66000000000001 906 4.79 111 "rep 2" 19 34 6 0 1955.3235908141965 11731.94154488518 1486.6388308977037 9428.810020876828 112 71.21000000000001 14.242
79.96000000000001 393 5.59 114 2_58 single "rep 1" 8 35 8 28 1430.4114490161003 11443.291592128802 121.76 907 5.79 112 "rep 2" 19 35 7 28 2102.9360967184803 14720.552677029362 1766.6737728672902 13081.922134579083 113 100.86000000000001 20.172000000000004
90.16000000000001 395 4.09 114 1_189 single "rep 1" 8 37 10 18 2204.40097799511 22044.009779951102 144.35999999999999 909 4.6899999999999995 113 "rep 2" 19 37 5 18 3078.0383795309167 15390.191897654584 2641.2196787630137 18717.100838802842 113.5 117.25999999999999 23.451999999999998
84.96000000000001 396 6.29 113 1_6 single "rep 1" 8 38 8 18 1350.7154213036567 10805.723370429254 115.76 772 6.1899999999999995 112 "rep 2" 16 50 8 18 1870.113085621971 14960.904684975769 1610.414253462814 12883.314027702512 112.5 100.36000000000001 20.072000000000003
84.96000000000001 396 6.29 113 1_6 single "rep 1" 8 38 8 18 1350.7154213036567 10805.723370429254 179.06 910 5.89 117 "rep 2" 19 38 9 18 3040.067911714771 27360.61120543294 2195.391666509214 19083.167287931097 115 132.01 26.401999999999997
112.66000000000001 399 4.989999999999999 124 1_126 single "rep 1" 8 41 1 18 2257.715430861724 2257.715430861724 143.35999999999999 913 6.489999999999999 124 "rep 2" 19 41 10 18 2208.936825885978 22089.36825885978 2233.326128373851 12173.541844860752 124 128.01 25.601999999999997
55.660000000000004 400 4.6899999999999995 110 66_5 single "rep 1" 8 42 8 0 1186.7803837953093 9494.243070362474 84.26 914 4.39 112 "rep 2" 19 42 9 0 1919.3621867881552 17274.259681093397 1553.0712852917322 13384.251375727936 111 69.96000000000001 13.992
129.45999999999998 405 5.1899999999999995 114 2_35 single "rep 1" 8 47 10 28 2494.412331406551 24944.12331406551 182.16 919 4.489999999999999 112 "rep 2" 19 47 9 28 4057.015590200446 36513.14031180401 3275.7139608034986 30728.63181293476 113 155.81 31.162
139.26 406 4.79 110 7_187 single "rep 1" 8 48 10 58 2907.3068893528184 29073.068893528183 92.76 920 5.09 117 "rep 2" 19 48 7 58 1822.3968565815326 12756.777996070728 2364.8518729671755 20914.923444799457 113.5 116.00999999999999 23.201999999999998
82.96000000000001 407 3.3899999999999997 113 55_5_3 single "rep 1" 8 49 10 0 2447.1976401179945 24471.976401179945 122.46 921 3.79 117 "rep 2" 19 49 10 0 3231.134564643799 32311.34564643799 2839.1661023808965 28391.661023808967 115 102.71000000000001 20.542
83.36 408 4.29 121 3_9 single "rep 1" 8 50 9 50 1943.1235431235432 17488.11188811189 130.66 922 5.09 118 "rep 2" 19 50 10 50 2566.994106090373 25669.94106090373 2255.0588246069583 21579.02647450781 119.5 107.00999999999999 21.401999999999997
126.86 412 5.6899999999999995 124 7_115 single "rep 1" 9 4 10 58 2229.5254833040426 22295.254833040424 95.96000000000001 926 5.89 125 "rep 2" 20 4 9 58 1629.2020373514433 14662.818336162989 1929.363760327743 18479.03658460171 124.5 111.41 22.282
142.06 414 5.6899999999999995 124 3_95 single "rep 1" 9 6 8 50 2496.6608084358527 19973.28646748682 118.76 928 5.39 124 "rep 2" 20 6 7 50 2203.339517625232 15423.376623376624 2350.0001630305424 17698.331545431723 124 130.41 26.082
197.06 416 4.6899999999999995 112 1_172_2 single "rep 1" 9 8 10 18 4201.705756929638 42017.057569296376 108.66000000000001 930 5.09 114 "rep 2" 20 8 7 18 2134.7740667976427 14943.418467583499 3168.2399118636404 28480.238018439937 113 152.86 30.572000000000003
109.06 417 4.79 124 7_177 single "rep 1" 9 9 7 58 2276.826722338205 15937.787056367435 141.06 931 4.29 121 "rep 2" 20 9 10 58 3288.111888111888 32881.118881118884 2782.469305225047 24409.45296874316 122.5 125.06 25.012
147.16 418 4.6899999999999995 124 1_60_3 single "rep 1" 9 10 10 18 3137.7398720682304 31377.398720682304 142.26 932 5.09 118 "rep 2" 20 10 5 18 2794.8919449901764 13974.459724950882 2966.3159085292036 22675.929222816594 121 144.70999999999998 28.941999999999997
67.16000000000001 419 4.39 118 1_200 single "rep 1" 9 11 9 18 1529.8405466970391 13768.564920273353 107.36 933 4.6899999999999995 111 "rep 2" 20 11 8 18 2289.125799573561 18313.006396588487 1909.4831731353001 16040.78565843092 114.5 87.26 17.452
128.76 420 4.79 114 2_212 single "rep 1" 9 12 9 28 2688.1002087682673 24192.901878914407 116.46000000000001 934 5.1899999999999995 110 "rep 2" 20 12 10 28 2243.9306358381505 22439.306358381506 2466.0154223032087 23316.104118647956 112 122.61 24.522
176.76 421 4.489999999999999 117 1_131 single "rep 1" 9 13 10 18 3936.748329621381 39367.48329621381 126.96 935 4.989999999999999 119 "rep 2" 20 13 8 18 2544.2885771543088 20354.30861723447 3240.5184533878446 29860.89595672414 118 151.85999999999999 30.371999999999996
49.46 423 5.39 117 2_183 single "rep 1" 9 15 5 28 917.6252319109462 4588.126159554731 113.26 937 5.09 112 "rep 2" 20 15 9 28 2225.147347740668 20026.326129666013 1571.3862898258071 12307.226144610373 114.5 81.36 16.272
169.26 424 5.6899999999999995 112 64_5_1 single "rep 1" 9 16 9 0 2974.69244288225 26772.23198594025 80.66000000000001 938 4.09 114 "rep 2" 20 16 8 0 1972.1271393643035 15777.017114914428 2473.4097911232766 21274.62455042734 113 124.96000000000001 24.992
51.26 427 4.39 117 2_37 single "rep 1" 9 19 10 28 1167.6537585421413 11676.537585421413 66.26 941 4.989999999999999 121 "rep 2" 20 19 9 28 1327.855711422846 11950.701402805615 1247.7547349824936 11813.619494113515 119 58.760000000000005 11.752
67.86 428 4.79 121 7_86 single "rep 1" 9 20 10 58 1416.7014613778706 14167.014613778705 141.66 942 4.989999999999999 117 "rep 2" 20 20 10 58 2838.8777555110223 28388.777555110224 2127.7896084444465 21277.896084444466 119 104.75999999999999 20.951999999999998
94.46000000000001 431 4.6899999999999995 114 1_130 single "rep 1" 9 23 9 18 2014.07249466951 18126.65245202559 121.06000000000002 945 4.29 112 "rep 2" 20 23 10 18 2821.911421911422 28219.11421911422 2417.991958290466 23172.883335569906 113 107.76000000000002 21.552000000000003
67.66000000000001 434 4.489999999999999 124 2_146 single "rep 1" 9 26 8 28 1506.9042316258356 12055.233853006685 75.96000000000001 948 4.489999999999999 125 "rep 2" 20 26 10 28 1691.7594654788422 16917.594654788423 1599.331848552339 14486.414253897554 124.5 71.81 14.362
74.16000000000001 435 5.1899999999999995 117 3_79 single "rep 1" 9 27 7 50 1428.9017341040467 10002.312138728326 123.46 949 5.1899999999999995 117 "rep 2" 20 27 1 50 2378.805394990366 2378.805394990366 1903.8535645472064 6190.558766859346 117 98.81 19.762
85.26 441 5.29 106 2_17 single "rep 1" 9 33 10 28 1611.7202268431001 16117.202268431001 114.36 955 5.29 106 "rep 2" 20 33 9 28 2161.814744801512 19456.332703213608 1886.767485822306 17786.767485822304 106 99.81 19.962
34.96 442 4.489999999999999 112 7_69 single "rep 1" 9 34 8 58 778.6191536748331 6228.953229398665 152.35999999999999 545 4.6899999999999995 112 "rep 2" 12 23 3 58 3248.6140724946695 9745.842217484009 2013.6166130847514 7987.397723441337 112 93.66 18.732
34.96 442 4.489999999999999 112 7_69 single "rep 1" 9 34 8 58 778.6191536748331 6228.953229398665 71.06 956 5.09 111 "rep 2" 20 34 10 58 1396.0707269155207 13960.707269155208 1087.344940295177 10094.830249276936 111.5 53.010000000000005 10.602
125.06000000000002 452 5.09 119 7_170 single "rep 1" 9 44 10 58 2456.974459724951 24569.74459724951 88.76 966 5.79 117 "rep 2" 20 44 9 58 1532.9879101899828 13796.891191709845 1994.981184957467 19183.31789447968 118 106.91000000000001 21.382
46.36 457 3.29 132 70_4_1 single "rep 1" 9 49 7 0 1409.1185410334347 9863.829787234043 60.26 971 3.9899999999999993 132 "rep 2" 20 49 7 0 1510.275689223058 10571.929824561406 1459.6971151282464 10217.879805897725 132 53.31 10.662
90.16000000000001 458 4.09 112 7_44 single "rep 1" 9 50 8 58 2204.40097799511 17635.20782396088 118.06000000000002 972 5.29 112 "rep 2" 20 50 10 58 2231.7580340264653 22317.580340264652 2218.0795060107876 19976.39408211277 112 104.11000000000001 20.822000000000003
12.56 460 3.8899999999999997 134 72_7_1 single "rep 1" 10 2 8 0 322.87917737789206 2583.0334190231365 61.660000000000004 974 4.1899999999999995 139 "rep 2" 21 2 10 0 1471.5990453460624 14715.990453460625 897.2391113619773 8649.51193624188 136.5 37.11 7.422
137.35999999999999 465 5.39 124 54_5 single "rep 1" 10 7 10 0 2548.4230055658627 25484.230055658627 111.46000000000001 979 4.6899999999999995 118 "rep 2" 21 7 6 0 2376.5458422174843 14259.275053304906 2462.4844238916735 19871.752554481765 121 124.41 24.881999999999998
128.76 468 5.6899999999999995 110 2_219 single "rep 1" 10 10 8 28 2262.9173989455185 18103.339191564148 209.85999999999999 982 4.6899999999999995 107 "rep 2" 21 10 8 28 4474.626865671642 35797.014925373136 3368.7721323085802 26950.177058468642 108.5 169.31 33.862
60.559999999999995 469 4.59 118 7_174 single "rep 1" 10 11 6 58 1319.3899782135077 7916.339869281046 116.76 983 5.489999999999999 117 "rep 2" 21 11 9 58 2126.7759562841534 19140.98360655738 1723.0829672488305 13528.661737919214 117.5 88.66 17.732
193.56 471 4.59 110 53_5 single "rep 1" 10 13 7 0 4216.993464052288 29518.954248366015 92.36 985 4.6899999999999995 107 "rep 2" 21 13 8 0 1969.2963752665246 15754.371002132197 3093.1449196594062 22636.662625249104 108.5 142.96 28.592000000000002
80.96000000000001 473 4.489999999999999 114 7_18 single "rep 1" 10 15 9 58 1803.1180400890871 16228.062360801785 86.26 987 4.79 114 "rep 2" 21 15 10 58 1800.8350730688937 18008.350730688937 1801.9765565789903 17118.20654574536 114 83.61000000000001 16.722
32.86 474 3.59 124 2_111 single "rep 1" 10 16 10 28 915.3203342618384 9153.203342618384 68.26 988 4.1899999999999995 124 "rep 2" 21 16 10 28 1629.116945107399 16291.16945107399 1272.2186396846187 12722.186396846188 124 50.56 10.112
111.26 476 5.79 117 1_221 single "rep 1" 10 18 4 18 1921.588946459413 7686.355785837652 104.26 990 4.89 119 "rep 2" 21 18 8 18 2132.106339468303 17056.850715746423 2026.8476429638579 12371.603250792037 118 107.76 21.552
129.66 478 4.989999999999999 119 2_13 single "rep 1" 10 20 10 28 2598.3967935871747 25983.967935871748 152.85999999999999 992 4.1899999999999995 119 "rep 2" 21 20 10 28 3648.210023866349 36482.10023866349 3123.3034087267615 31233.034087267617 119 141.26 28.252
119.46 482 4.79 119 7_31 single "rep 1" 10 24 9 58 2493.945720250522 22445.511482254697 80.66000000000001 996 4.79 117 "rep 2" 21 24 9 58 1683.9248434238 15155.3235908142 2088.935281837161 18800.41753653445 118 100.06 20.012
68.26 484 4.6899999999999995 119 1_7_1 single "rep 1" 10 26 10 18 1455.4371002132198 14554.371002132197 86.36 998 4.09 111 "rep 2" 21 26 7 18 2111.4914425427874 14780.440097799512 1783.4642713780036 14667.405549965853 115 77.31 15.462
119.96 486 4.59 114 1_78 single "rep 1" 10 28 10 18 2613.507625272331 26135.07625272331 87.46000000000001 1000 5.489999999999999 110 "rep 2" 21 28 10 18 1593.0783242258656 15930.783242258656 2103.2929747490984 21032.929747490984 112 103.71000000000001 20.742
46.059999999999995 487 4.489999999999999 132 3_112 single "rep 1" 10 29 10 50 1025.835189309577 10258.351893095769 138.95999999999998 1001 4.79 117 "rep 2" 21 29 10 50 2901.0438413361167 29010.438413361167 1963.4395153228468 19634.39515322847 124.5 92.50999999999999 18.502
32.26 488 4.39 117 1_100 single "rep 1" 10 30 3 18 734.8519362186788 2204.5558086560363 152.85999999999999 1002 4.29 112 "rep 2" 21 30 10 18 3563.1701631701626 35631.701631701624 2149.0110496944208 18918.12872017883 114.5 92.55999999999999 18.511999999999997
125.76 490 4.79 112 1_58 single "rep 1" 10 32 1 18 2625.469728601253 2625.469728601253 135.66 1004 5.489999999999999 111 "rep 2" 21 32 10 18 2471.0382513661207 24710.382513661207 2548.2539899836866 13667.92612113123 111.5 130.71 26.142000000000003
24.259999999999998 491 3.6899999999999995 124 49_4 single "rep 1" 10 33 10 0 657.4525745257453 6574.525745257452 78.56 1005 3.4899999999999993 124 "rep 2" 21 33 10 0 2251.0028653295135 22510.028653295136 1454.2277199276293 14542.277199276294 124 51.41 10.282
90.96000000000001 496 4.79 112 7_98 single "rep 1" 10 38 9 58 1898.9561586638833 17090.60542797495 228.06 1010 5.6899999999999995 112 "rep 2" 21 38 9 58 4008.084358523726 36072.75922671353 2953.520258593805 26581.682327344242 112 159.51 31.901999999999997
92.46000000000001 498 4.39 117 7_51 single "rep 1" 10 40 10 58 2106.1503416856494 21061.503416856496 80.06 1012 6.1899999999999995 121 "rep 2" 21 40 9 58 1293.3764135702747 11640.387722132473 1699.7633776279622 16350.945569494485 119 86.26 17.252000000000002
70.06 500 5.6899999999999995 119 7_97 single "rep 1" 10 42 8 58 1231.2829525483305 9850.263620386644 148.85999999999999 1014 4.6899999999999995 119 "rep 2" 21 42 10 58 3173.9872068230275 31739.872068230274 2202.635079685679 20795.067844308458 119 109.46 21.892
74.06 504 4.79 118 1_83 single "rep 1" 10 46 10 18 1546.1377870563676 15461.377870563676 100.46000000000001 1018 5.09 118 "rep 2" 21 46 10 18 1973.6738703339884 19736.738703339885 1759.9058286951781 17599.058286951782 118 87.26 17.452
114.86 506 4.59 119 1_157 single "rep 1" 10 48 8 18 2502.3965141612202 20019.172113289762 168.76 1020 4.79 119 "rep 2" 21 48 6 18 3523.1732776617955 21139.039665970773 3012.784895911508 20579.105889630267 119 141.81 28.362000000000002
149.85999999999999 508 4.29 117 1_178 single "rep 1" 10 50 10 18 3493.240093240093 34932.40093240093 113.46000000000001 1022 4.6899999999999995 117 "rep 2" 21 50 10 18 2419.1897654584227 24191.897654584227 2956.2149293492575 29562.149293492577 117 131.66 26.332
172.16 510 5.79 118 7_95 single "rep 1" 11 2 10 58 2973.4024179620033 29734.02417962003 125.06000000000002 1024 4.89 117 "rep 2" 22 2 9 58 2557.464212678937 23017.177914110434 2765.4333153204702 26375.60104686523 117.5 148.61 29.722
103.66000000000001 517 5.6899999999999995 110 1_17_2 single "rep 1" 11 9 10 18 1821.7926186291745 18217.926186291745 169.56 1031 5.79 107 "rep 2" 22 9 9 18 2928.497409326425 26356.476683937824 2375.1450139778 22287.201435114785 108.5 136.61 27.322000000000003
112.66000000000001 518 4.6899999999999995 117 3_104 single "rep 1" 11 10 10 50 2402.1321961620474 24021.321961620473 97.96000000000001 1032 4.989999999999999 112 "rep 2" 22 10 10 50 1963.1262525050104 19631.262525050104 2182.629224333529 21826.292243335287 114.5 105.31 21.062
121.56000000000002 519 4.489999999999999 111 2_104 single "rep 1" 11 11 5 28 2707.349665924277 13536.748329621385 161.26 1033 5.29 110 "rep 2" 22 11 10 28 3048.393194706994 30483.93194706994 2877.8714303156357 22010.340138345662 110.5 141.41 28.282
31.159999999999997 520 3.29 134 56_5 single "rep 1" 11 12 8 0 947.112462006079 7576.899696048632 32.059999999999995 1034 3.8899999999999997 131 "rep 2" 22 12 10 0 824.1645244215938 8241.645244215939 885.6384932138365 7909.272470132286 132.5 31.609999999999996 6.321999999999999
