Pedigree Haplotype Generation Genotypes Condition "Brown Bag Weight" "100 seed weight" Fecundity Fitness FT_DAYS Atlas_Avg_Fec Atlas_Avg_Fitness Atlas_Avg_Total_Weight Numbers Exp_Fec_Per_Plant Exp_Fit_Per_Plant Exp_TW_Per_Plant Centered_Fit Centered_FT Centered_Fec Centered_TW
UCRKL000001_100 30 18 1_100 mixed 109.46 5.039999999999999 2075.7254244176083 20757.254244176085 113.5 2363.51 21347.22 126.8267 1 221.96177122088042 2105.2237122088045 11.814335 1741.88685394415 -1.5777559055118076 -75.59387754327918 2.574202755905503
UCRKL000001_103 32 18 1_103 mixed 121.16 4.84 2497.147687539224 23424.851108521078 108.5 2363.51 21347.22 126.8267 1 243.0328843769612 2238.603555426054 12.399334999999999 4409.483718289142 -6.5777559055118076 345.82838557833657 14.274202755905506
UCRKL000001_104 33 18 1_104 mixed 131.95999999999998 5.489999999999999 2403.6429872495446 24036.429872495446 114 2363.51 21347.22 126.8267 1 238.35764936247725 2269.182493624772 12.939335 5021.062482263511 -1.0777559055118076 252.3236852886571 25.07420275590549
UCRKL000001_107 35 18 1_107 mixed 162.06 5.1899999999999995 3122.543352601156 31225.433526011562 121 2363.51 21347.22 126.8267 1 274.30266763005784 2628.632676300578 14.444335 12210.066135779627 5.9222440944881924 971.2240506402686 55.17420275590551
UCRKL000001_110 32 18 1_110 mixed 84.06 4.79 1754.9060542797497 17008.768267223382 110.5 2363.51 21347.22 126.8267 1 205.92080271398748 1917.799413361169 10.544335 -2006.5991230085529 -4.5777559055118076 -396.4132476811378 -22.82579724409449
UCRKL000001_113 39 18 1_113 mixed 115.66 4.789999999999999 2463.5223686693794 15487.615486238212 112 2363.51 21347.22 126.8267 1 241.35161843346896 1841.7417743119106 12.124334999999999 -3527.7519039937233 -3.0777559055118076 312.20306670849186 8.774202755905506
UCRKL000001_120 45 18 1_120 mixed 134.76 4.9399999999999995 2728.378638667929 25941.501817541015 112 2363.51 21347.22 126.8267 1 254.5944319333965 2364.436090877051 13.079335 6926.13442730908 -3.0777559055118076 577.0593367070414 27.8742027559055
UCRKL000001_124 47 18 1_124 mixed 72.81 4.039999999999999 1777.3776304536464 12873.99416946021 115 2363.51 21347.22 126.8267 1 207.0443815226823 1711.0607084730104 9.981835 -6141.373220771726 -0.07775590551180755 -373.94167150724115 -34.07579724409449
UCRKL000001_128 50 18 1_128 mixed 112.60999999999999 5.1899999999999995 2169.7495183044316 21697.495183044317 110 2363.51 21347.22 126.8267 1 226.6629759152216 2152.235759152216 11.971834999999999 2682.127792812382 -5.0777559055118076 18.43021634354409 5.724202755905495
UCRKL000001_130 51 18 1_130 mixed 92.66 5.24 1775.3499345076702 15049.54815795943 112 2363.51 21347.22 126.8267 1 206.94299672538355 1819.8384078979718 10.974335 -3965.8192322725045 -3.0777559055118076 -375.9693674532173 -14.225797244094494
UCRKL000001_131 52 18 1_131 mixed 61.31 4.89 1248.469552322586 10676.95091759837 117.5 2363.51 21347.22 126.8267 1 180.5989776161293 1601.2085458799186 9.406835000000001 -8338.416472633566 2.4222440944881924 -902.8497496383015 -45.57579724409449
UCRKL000001_133 53 18 1_133 mixed 99.66000000000001 4.489999999999999 2219.5991091314036 22195.991091314034 112 2363.51 21347.22 126.8267 1 229.1554554565702 2177.1605545657017 11.324335000000001 3180.6237010820987 -3.0777559055118076 68.27980717051605 -7.22579724409448
UCRKL000001_134 54 18 1_134 mixed 113.56 5.6899999999999995 1992.9691868961663 19013.233908317656 113 2363.51 21347.22 126.8267 1 217.82395934480832 2018.022695415883 12.019335000000002 -2.1334819142794004 -2.0777559055118076 -158.3501150647212 6.674202755905512
UCRKL000001_136 56 18 1_136 mixed 126.75999999999999 5.29 2396.219281663516 10215.87901701323 112 2363.51 21347.22 126.8267 1 237.9864640831758 1578.1549508506616 12.679335 -8799.488373218705 -3.0777559055118076 244.89997970262857 19.8742027559055
UCRKL000001_14 64 18 1_14 mixed 160.90999999999997 4.59 3621.5147695829173 36215.14769582917 115.5 2363.51 21347.22 126.8267 1 299.25123847914585 2878.1183847914585 14.386835 17199.780305597233 0.42224409448819245 1470.1954676220298 54.02420275590548
UCRKL000001_148 62 18 1_148 mixed 92.31 5.039999999999999 1833.6078837439122 17315.43755487399 114.5 2363.51 21347.22 126.8267 1 209.85589418719564 1933.1328777436997 10.956835000000002 -1699.9298353579434 -0.5777559055118076 -317.7114182169753 -14.575797244094488
UCRKL000001_156 66 18 1_156 mixed 134.31 5.09 2677.2275505352154 26772.275505352154 117.5 2363.51 21347.22 126.8267 1 252.03687752676078 2405.9747752676076 13.056835000000001 7756.908115120219 2.4222440944881924 525.9082485743279 27.42420275590551
UCRKL000001_157 67 18 1_157 mixed 97.76 4.6899999999999995 2053.8000828926815 13142.5526391299 114.5 2363.51 21347.22 126.8267 1 220.8655041446341 1724.488631956495 11.229335 -5872.814751102034 -0.5777559055118076 -97.51921906820598 -9.125797244094485
UCRKL000001_158 31 18 1_158 mixed 115.25999999999999 5.039999999999999 2291.7363213657177 22917.363213657176 108.5 2363.51 21347.22 126.8267 1 232.76231606828588 2213.229160682859 12.104335 3901.995823425241 -6.5777559055118076 140.41701940483017 8.3742027559055
UCRKL000001_169 69 18 1_169 mixed 167.66 5.039999999999999 3315.2410912197674 30922.94136406408 110 2363.51 21347.22 126.8267 1 283.93755456098836 2613.5080682032044 14.724335 11907.573973832146 -5.0777559055118076 1163.92178925888 60.774202755905506
UCRKL000001_178 73 18 1_178 mixed 178.45999999999998 5.539999999999999 3232.8089184227774 17439.272753357614 116 2363.51 21347.22 126.8267 1 279.8159459211389 1939.3246376678806 15.264334999999999 -1576.0946368743207 0.9222440944881924 1081.48961646189 71.57420275590549
UCRKL000001_187 76 18 1_187 mixed 129.31 4.789999999999999 2711.071722892985 23849.309979462898 110.5 2363.51 21347.22 126.8267 1 253.72908614464922 2259.8264989731447 12.806835000000001 4833.942589230963 -4.5777559055118076 559.7524209320973 22.42420275590551
UCRKL000001_19 82 18 1_19 mixed 73.96000000000001 3.94 1899.5876917882492 18995.87691788249 112 2363.51 21347.22 126.8267 1 213.15488458941246 2017.1548458941245 10.039335 -19.490472349443735 -3.0777559055118076 -251.73161017263828 -32.92579724409448
UCRKL000001_2 87 18 1_2 mixed 120.41 4.99 2378.671992454686 21075.84572412042 110 2363.51 21347.22 126.8267 1 237.1090996227343 2121.1532862060208 12.361835 2060.4783338884845 -5.0777559055118076 227.3526904937985 13.524202755905506
UCRKL000001_200 83 18 1_200 mixed 89.01 4.84 1852.1553218536926 17722.339073153824 113 2363.51 21347.22 126.8267 1 210.78326609268464 1953.4779536576912 10.791835 -1293.0283170781113 -2.0777559055118076 -299.1639801071949 -17.875797244094485
UCRKL000001_206 20 18 1_206 mixed 128.96 5.24 2525.2556861265543 22727.301175138986 114 2363.51 21347.22 126.8267 1 244.43828430632774 2203.7260587569494 12.789335 3711.9337849070507 -1.0777559055118076 373.9363841656668 22.074202755905517
UCRKL000001_212 44 18 1_212 mixed 92.91 5.49 1683.933674299123 15766.349265352588 117.5 2363.51 21347.22 126.8267 1 202.37218371495615 1855.6784632676295 10.986835 -3249.018124879347 2.4222440944881924 -467.3856276617646 -13.975797244094494
UCRKL000001_214 85 18 1_214 mixed 58.71 4.539999999999999 1173.8024567331843 11134.68194894744 111 2363.51 21347.22 126.8267 1 176.8656228366592 1624.0950974473722 9.276835 -7880.685441284495 -4.0777559055118076 -977.5168452277032 -48.17579724409449
UCRKL000001_218 48 18 1_218 mixed 111.06 4.84 2286.707316552081 19820.378069571983 117.5 2363.51 21347.22 126.8267 1 232.51086582760408 2058.3799034785993 11.894335000000002 805.0106793400482 2.4222440944881924 135.3880145911935 4.174202755905512
UCRKL000001_22 54 18 1_22 mixed 128.20999999999998 5.59 2250.07009171817 14198.696909165665 115.5 2363.51 21347.22 126.8267 1 230.67900458590847 1777.2958454582833 12.751835 -4816.67048106627 0.42224409448819245 98.75078975728229 21.32420275590549
UCRKL000001_221 86 18 1_221 mixed 86.76 5.04 1741.7564159737326 16085.617089794036 115 2363.51 21347.22 126.8267 1 205.2633207986866 1871.6418544897017 10.679335 -2929.7503004378996 -0.07775590551180755 -409.5628859871549 -20.125797244094485
UCRKL000001_24 68 18 1_24 mixed 102.76 5.039999999999999 2033.8995472652698 18305.095925387428 114.5 2363.51 21347.22 126.8267 1 219.8704773632635 1982.6157962693717 11.479335 -710.2714648445071 -0.5777559055118076 -117.41975469561771 -4.1257972440944854
UCRKL000001_3 73 18 1_3 mixed 192.91 5.14 3749.7469209027695 16739.299159708742 114 2363.51 21347.22 126.8267 1 305.6628460451385 1904.325957985437 15.986835 -2276.068230523193 -1.0777559055118076 1598.427618941882 86.0242027559055
UCRKL000001_58 94 18 1_58 mixed 105.36000000000001 5.789999999999999 1821.8031841978732 17276.529158615584 112 2363.51 21347.22 126.8267 1 209.2656592098937 1931.1874579307791 11.609335000000002 -1738.8382316163515 -3.0777559055118076 -329.51611776301434 -1.525797244094477
UCRKL000001_6 70 18 1_6 mixed 107.31 5.14 2076.2542097427367 19079.976967166847 112 2363.51 21347.22 126.8267 1 221.98821048713685 2021.3598483583423 11.706835000000002 64.60957693491218 -3.0777559055118076 -75.06509221815077 0.4242027559055117
UCRKL000001_61 97 18 1_61 mixed 92.01 5.59 1642.989800724812 16429.89800724812 109.5 2363.51 21347.22 126.8267 1 200.32499003624062 1888.8559003624061 10.941835000000001 -2585.4693829838143 -5.5777559055118076 -508.32950123607543 -14.875797244094485
UCRKL000001_65 65 18 1_65 mixed 86.81 4.24 2054.408042236205 19813.77739205902 120 2363.51 21347.22 126.8267 1 220.89590211181024 2058.049869602951 10.681835000000001 798.4100018270838 4.9222440944881924 -96.91125972468262 -20.07579724409449
UCRKL000001_67 98 18 1_67 mixed 111.61 4.539999999999999 2461.238713688311 24612.38713688311 118 2363.51 21347.22 126.8267 1 241.23743568441554 2297.9803568441557 11.921835 5597.0197466511745 2.9222440944881924 309.91941172742327 4.724202755905509
UCRKL000001_74 99 18 1_74 mixed 130.71 5.24 2499.8730512821458 18591.63239173586 113.5 2363.51 21347.22 126.8267 1 243.1691525641073 1996.9426195867932 12.876835 -423.7349984960747 -1.5777559055118076 348.55374932125824 23.824202755905517
UCRKL000001_75 37 18 1_75 mixed 97.25999999999999 4.4399999999999995 2096.889923806482 12666.918412660798 111.5 2363.51 21347.22 126.8267 1 223.01999619032412 1700.7069206330402 11.204335 -6348.448977571137 -3.5777559055118076 -54.42937815440564 -9.6257972440945
UCRKL000001_78 20 18 1_78 mixed 148.91 5.34 2762.271918464471 26709.80974341157 114 2363.51 21347.22 126.8267 1 256.28909592322356 2402.8514871705784 13.786835 7694.442353179635 -1.0777559055118076 610.9526165035836 42.024202755905506
UCRKL000001_83 65 18 1_83 mixed 69.11 4.6899999999999995 1473.5607675906185 13262.046908315566 116 2363.51 21347.22 126.8267 1 191.85353837953093 1730.4633454157781 9.796835 -5753.320481916369 0.9222440944881924 -677.758534370269 -37.77579724409449
UCRKL000001_84 100 18 1_84 mixed 116.66 5.1899999999999995 2247.7842003853566 9319.845857418113 108 2363.51 21347.22 126.8267 1 230.56471001926784 1533.3532928709058 12.174335 -9695.521532813822 -7.0777559055118076 96.46489842446908 9.774202755905506
UCRKL000001_92 102 18 1_92 mixed 111.81 5.739999999999999 1947.9284781117826 14609.399195037411 112 2363.51 21347.22 126.8267 1 215.57192390558913 1797.8309597518705 11.931835000000001 -4405.968195194524 -3.0777559055118076 -203.3908238491049 4.924202755905512
UCRKL000001_93 103 18 1_93 mixed 56.91 4.09 1375.182914771604 13751.829147716038 114 2363.51 21347.22 126.8267 1 186.9346457385802 1754.952457385802 9.186834999999999 -5263.538242515897 -1.0777559055118076 -776.1363871892836 -49.975797244094494
UCRKL000001_95 49 18 1_95 mixed 88.61 5.14 1781.7870778995389 12932.582932513513 111 2363.51 21347.22 126.8267 1 207.26485389497694 1713.9901466256756 10.771835 -6082.784457718422 -4.0777559055118076 -369.53222406134864 -18.27579724409449
UCRKL000001_98 58 18 1_98 mixed 64.96000000000001 4.59 1415.2505446623097 14152.505446623098 114 2363.51 21347.22 126.8267 1 188.93802723311552 1774.9862723311549 9.589335 -4862.8619436088375 -1.0777559055118076 -736.0687572985778 -41.92579724409448
UCRKL000001_99 104 18 1_99 mixed 108.91 4.289999999999999 2435.1122905302473 23874.180549412747 113 2363.51 21347.22 126.8267 1 239.93111452651237 2261.0700274706373 11.786835 4858.813159180812 -2.0777559055118076 283.79298856935975 2.024202755905506
UCRKL000002_100 105 28 2_100 mixed 138.10999999999999 4.74 2939.5231030380796 29395.231030380797 111.5 2363.51 21347.22 126.8267 1 265.15165515190404 2537.12255151904 13.246834999999999 10379.863640148862 -3.5777559055118076 788.2038010771921 31.224202755905495
UCRKL000002_101 106 28 2_101 mixed 104.36000000000001 5.4399999999999995 1925.015978438408 19250.15978438408 112 2363.51 21347.22 126.8267 1 214.4262989219204 2029.868989219204 11.559335 234.79239415214397 -3.0777559055118076 -226.30332352247956 -2.525797244094477
UCRKL000002_104 108 28 2_104 mixed 133.06 5.539999999999999 2388.6453968222813 11110.032680059277 111.5 2363.51 21347.22 126.8267 1 237.60776984111408 1622.862634002964 12.994335000000001 -7905.334710172658 -3.5777559055118076 237.3260948613938 26.17420275590551
UCRKL000002_108 111 28 2_108 mixed 71.16 4.49 1576.095070226918 15005.680779390004 115 2363.51 21347.22 126.8267 1 196.98025351134592 1817.6450389695005 9.899334999999999 -4009.686610841931 -0.07775590551180755 -575.2242317339694 -35.725797244094494
UCRKL000002_110 114 28 2_110 mixed 98.16000000000001 5.09 1928.4872298624757 17356.38506876228 112 2363.51 21347.22 126.8267 1 214.5998614931238 1935.1802534381138 11.249335 -1658.9823214696553 -3.0777559055118076 -222.8320720984118 -8.72579724409448
UCRKL000002_111 115 28 2_111 mixed 110.86 4.89 2267.075664621677 22670.756646216767 112 2363.51 21347.22 126.8267 1 231.52928323108387 2200.8988323108383 11.884335 3655.389255984832 -3.0777559055118076 115.75636266078936 3.974202755905509
UCRKL000002_117 120 28 2_117 mixed 84.61 5.14 1645.1764198189808 15581.243966975937 113.5 2363.51 21347.22 126.8267 1 200.43432099094906 1846.4231983487966 10.571835 -3434.123423255998 -1.5777559055118076 -506.14288214190674 -22.27579724409449
UCRKL000002_119 122 28 2_119 mixed 161.35999999999999 5.6899999999999995 2835.85237258348 28358.5237258348 112 2363.51 21347.22 126.8267 1 259.968118629174 2485.28718629174 14.409334999999999 9343.156335602864 -3.0777559055118076 684.5330706225923 54.474202755905495
UCRKL000002_120 123 28 2_120 mixed 105.16000000000001 4.6899999999999995 2242.203305687258 22422.03305687258 114.5 2363.51 21347.22 126.8267 1 230.2856652843629 2188.462652843629 11.599335 3406.665666640645 -0.5777559055118076 90.88400372637034 -1.7257972440944798
UCRKL000002_121 124 28 2_121 mixed 125.31 4.59 2794.2897728631488 27942.897728631488 115.5 2363.51 21347.22 126.8267 1 257.88998864315744 2464.5058864315747 12.606835 8927.530338399552 0.42224409448819245 642.9704709022612 18.42420275590551
UCRKL000002_123 125 28 2_123 mixed 165.95999999999998 4.9399999999999995 3392.681736867783 33926.81736867783 114.5 2363.51 21347.22 126.8267 1 287.8095868433892 2763.701868433892 14.639334999999999 14911.449978445897 -0.5777559055118076 1241.3624349068955 59.07420275590549
UCRKL000002_124 126 28 2_124 mixed 88.96000000000001 5.09 1742.0057842081083 12335.279422042546 115 2363.51 21347.22 126.8267 1 205.2757892104054 1684.1249711021271 10.789335 -6680.087968189389 -0.07775590551180755 -409.31351775277926 -17.925797244094483
UCRKL000002_125 127 28 2_125 mixed 91.56 4.24 2087.737466605146 20877.37466605146 117.5 2363.51 21347.22 126.8267 1 222.5623733302573 2111.229733302573 10.919335 1862.0072758195238 2.4222440944881924 -63.58183535574153 -15.325797244094488
UCRKL000002_13 135 28 2_13 mixed 111.21000000000001 5.1899999999999995 2142.7745664739887 17129.47976878613 117 2363.51 21347.22 126.8267 1 225.31422832369944 1923.8349884393065 11.901835 -1885.8876214458069 1.9222440944881924 -8.544735486898844 4.324202755905517
UCRKL000002_132 131 28 2_132 mixed 102.71 5.39 1881.4112042906236 17547.922418577076 111.5 2363.51 21347.22 126.8267 1 212.24606021453118 1944.7571209288537 11.476835 -1467.4449716548588 -3.5777559055118076 -269.90809767026394 -4.175797244094497
UCRKL000002_137 133 28 2_137 mixed 150.11 4.99 3048.814394137871 29301.37645555641 109.5 2363.51 21347.22 126.8267 1 270.61621970689356 2532.429822777821 13.846835000000002 10286.009065324473 -5.5777559055118076 897.4950921769837 43.22420275590552
UCRKL000002_138 134 28 2_138 mixed 108.86 5.039999999999999 2127.082520656761 21270.82520656761 110 2363.51 21347.22 126.8267 1 224.52962603283805 2130.90226032838 11.784335 2255.4578163356746 -5.0777559055118076 -24.236781304126453 1.9742027559055089
UCRKL000002_139 118 28 2_139 mixed 114.01 5.24 2191.5957871015653 19961.39615366324 105.5 2363.51 21347.22 126.8267 1 227.75528935507828 2065.430807683162 12.041835 946.0287634313063 -9.577755905511808 40.27648514067778 7.1242027559055146
UCRKL000002_142 120 28 2_142 mixed 122.71000000000001 5.1899999999999995 2360.471964336837 23604.719643368375 117 2363.51 21347.22 126.8267 1 236.19909821684186 2247.5969821684184 12.476835 4589.35225313644 1.9222440944881924 209.1526623759496 15.824202755905517
UCRKL000002_144 129 28 2_144 mixed 117.00999999999999 4.9399999999999995 2301.5098162768572 23015.098162768572 115 2363.51 21347.22 126.8267 1 233.25099081384286 2218.1159081384285 12.191835000000001 3999.7307725366372 -0.07775590551180755 150.19051431596972 10.1242027559055
UCRKL000002_146 119 28 2_146 mixed 132.95999999999998 4.64 2839.039274051921 25551.35346646729 116 2363.51 21347.22 126.8267 1 260.12746370259606 2344.928673323365 12.989335 6535.986076235356 0.9222440944881924 687.7199720910335 26.07420275590549
UCRKL000002_148 137 28 2_148 mixed 190.31 5.24 3597.250055789077 17452.464779715458 109 2363.51 21347.22 126.8267 1 298.03800278945386 1939.9842389857731 15.856835 -1562.9026105164776 -6.0777559055118076 1445.9307538281896 83.42420275590551
UCRKL000002_160 143 28 2_160 mixed 109.11000000000001 5.239999999999999 2019.9735267762533 14062.005718513785 105 2363.51 21347.22 126.8267 1 219.17417633881269 1770.4612859256893 11.796835000000002 -4953.36167171815 -10.077755905511808 -131.34577518463425 2.224202755905523
UCRKL000002_163 134 28 2_163 mixed 101.66 5.49 1856.958324067959 18569.58324067959 111 2363.51 21347.22 126.8267 1 211.02341620339794 1995.8401620339796 11.424335 -445.7841495523462 -4.0777559055118076 -294.36097789292853 -5.225797244094494
UCRKL000002_167 144 28 2_167 mixed 54.61 4.09 1156.3559721323527 11048.199219756129 106 2363.51 21347.22 126.8267 1 175.99329860661766 1619.7709609878063 9.071835 -7967.168170475807 -9.077755905511808 -994.9633298285348 -52.27579724409449
UCRKL000002_17 149 28 2_17 mixed 137.41 5.289999999999999 2563.3012478234587 24200.414855144605 109 2363.51 21347.22 126.8267 1 246.34056239117294 2277.3817427572303 13.211834999999999 5185.04746491267 -6.0777559055118076 411.98194586257114 30.524202755905506
UCRKL000002_170 146 28 2_170 mixed 71.06 5.489999999999999 1294.353369763206 11649.180327868855 107 2363.51 21347.22 126.8267 1 182.8931684881603 1649.8200163934428 9.894335000000002 -7366.18706236308 -8.077755905511808 -856.9659321976815 -35.82579724409449
UCRKL000002_171 147 28 2_171 mixed 113.31 5.54 2063.396900333343 20633.96900333343 117.5 2363.51 21347.22 126.8267 1 221.34534501666718 2099.059450166672 12.006835 1618.6016131014949 2.4222440944881924 -87.92240162754433 6.424202755905512
UCRKL000002_173 148 28 2_173 mixed 120.56 4.49 2662.440147283771 23961.961325553937 115.5 2363.51 21347.22 126.8267 1 251.29750736418856 2265.459066277697 12.369335000000001 4946.593935322002 0.42224409448819245 511.12084532288327 13.674202755905512
UCRKL000002_175 116 28 2_175 mixed 119.75999999999999 5.34 2275.9051646221083 22759.05164622108 114.5 2363.51 21347.22 126.8267 1 231.97075823110544 2205.3135823110542 12.329335 3743.6842559891447 -0.5777559055118076 124.58586266122074 12.8742027559055
UCRKL000002_183 150 28 2_183 mixed 117.11 4.989999999999999 2346.893787575151 19640.48096192385 114.5 2363.51 21347.22 126.8267 1 235.52018937875755 2049.385048096193 12.196835 625.1135716919161 -0.5777559055118076 195.57448561426327 10.224202755905509
UCRKL000002_195 151 28 2_195 mixed 173.70999999999998 5.59 3107.5134168157424 31075.134168157423 114 2363.51 21347.22 126.8267 1 273.5511708407871 2621.1177084078713 15.026835 12059.766777925488 -1.0777559055118076 956.1941148548549 66.82420275590549
UCRKL000002_20 122 28 2_20 mixed 106.41 5.4399999999999995 1947.9928037847762 19479.928037847763 121 2363.51 21347.22 126.8267 1 215.57514018923885 2041.3574018923882 11.661835 464.5606476158282 5.9222440944881924 -203.32649817611127 -0.475797244094494
UCRKL000002_202 143 28 2_202 mixed 124.66000000000001 5.79 2153.022452504318 17224.179620034545 105 2363.51 21347.22 126.8267 1 225.8266226252159 1928.5699810017272 12.574335000000001 -1791.18777019739 -10.077755905511808 1.7031505434306382 17.77420275590552
UCRKL000002_209 152 28 2_209 mixed 87.96000000000001 5.039999999999999 1744.6618187258605 14742.492450519901 112 2363.51 21347.22 126.8267 1 205.40859093629305 1804.485622525995 10.739335 -4272.874939712034 -3.0777559055118076 -406.65748323502703 -18.925797244094483
UCRKL000002_212 153 28 2_212 mixed 122.71 4.34 2824.694918291869 28246.949182918688 110 2363.51 21347.22 126.8267 1 259.4102459145935 2479.7084591459343 12.476835 9231.581792686753 -5.0777559055118076 673.3756163309813 15.824202755905503
UCRKL000002_217 155 28 2_217 mixed 116.31 4.59 2529.278045027804 22979.64013847403 113 2363.51 21347.22 126.8267 1 244.6394022513902 2216.3430069237015 12.156835000000001 3964.272748242096 -2.0777559055118076 377.95874306691667 9.424202755905512
UCRKL000002_219 157 28 2_219 mixed 140.16 5.24 2677.5477051622465 21707.381142301427 110 2363.51 21347.22 126.8267 1 252.05288525811233 2152.7300571150713 13.349335 2692.0137520694916 -5.0777559055118076 526.228403201359 33.274202755905506
UCRKL000002_3 165 28 2_3 mixed 153.31 5.4399999999999995 2801.7013232514178 17313.610586011342 113 2363.51 21347.22 126.8267 1 258.2605661625709 1933.0415293005674 14.006835 -1701.756804220593 -2.0777559055118076 650.3820212905302 46.42420275590551
UCRKL000002_30 117 28 2_30 mixed 98.26 5.6899999999999995 1738.0216254053603 16405.633693756758 115 2363.51 21347.22 126.8267 1 205.07658127026804 1887.6426846878378 11.254335000000001 -2609.7336964751776 -0.07775590551180755 -413.29767655552723 -8.625797244094485
UCRKL000002_34 162 28 2_34 mixed 130.26 5.04 2580.637828494303 25806.37828494303 117 2363.51 21347.22 126.8267 1 247.20739142471515 2357.6799142471514 12.854335 6791.010894711097 1.9222440944881924 429.3185265334155 23.3742027559055
UCRKL000002_35 163 28 2_35 mixed 130.71 4.789999999999999 2690.74488846975 23305.044075078265 115.5 2363.51 21347.22 126.8267 1 252.7127444234875 2232.6132037539132 12.876835 4289.67668484633 0.42224409448819245 539.4255865088626 23.824202755905517
UCRKL000002_37 164 28 2_37 mixed 96.91 4.6899999999999995 1964.6727208613258 16103.861953370793 120.5 2363.51 21347.22 126.8267 1 216.4091360430663 1872.55409766854 11.186834999999999 -2911.505436861142 5.4222440944881924 -186.64658109956167 -9.975797244094494
UCRKL000002_43 165 28 2_43 mixed 66.31 4.6899999999999995 1392.0704704594684 13920.704704594684 112 2363.51 21347.22 126.8267 1 187.77902352297343 1763.3962352297342 9.656835000000001 -5094.662685637251 -3.0777559055118076 -759.2488315014191 -40.57579724409449
UCRKL000002_44 166 28 2_44 mixed 73.11 5.14 1434.2973281155887 13421.530395384343 124.5 2363.51 21347.22 126.8267 1 189.89036640577945 1738.437519769217 9.996835 -5593.836994847592 9.422244094488192 -717.0219738452988 -33.77579724409449
UCRKL000002_46 122 28 2_46 mixed 111.36 5.4399999999999995 2079.535641741888 20795.35641741888 117.5 2363.51 21347.22 126.8267 1 222.15228208709442 2107.128820870944 11.909335 1779.9890271869444 2.4222440944881924 -71.78366021899956 4.474202755905509
UCRKL000002_47 167 28 2_47 mixed 104.86000000000001 4.6899999999999995 2234.6546226934297 21256.56801342667 106.5 2363.51 21347.22 126.8267 1 229.9082311346715 2130.1894006713337 11.584335000000001 2241.2006231947344 -8.577755905511808 83.33532073254219 -2.025797244094477
UCRKL000002_56 172 28 2_56 mixed 105.56 5.4399999999999995 1917.0345838793683 7547.863100257018 113 2363.51 21347.22 126.8267 1 214.02722919396842 1444.754155012851 11.619335000000001 -11467.504289974917 -2.0777559055118076 -234.28471808151926 -1.3257972440944883
UCRKL000002_58 150 28 2_58 mixed 136.66 5.1899999999999995 2633.140655105973 26331.406551059732 114 2363.51 21347.22 126.8267 1 249.8325327552987 2383.9313275529867 13.174335 7316.039160827797 -1.0777559055118076 481.8213531450856 29.774202755905506
UCRKL000002_6 176 28 2_6 mixed 64.81 5.09 1292.9163719020726 12532.566365523562 115.5 2363.51 21347.22 126.8267 1 182.82131859510363 1693.9893182761782 9.581835000000002 -6482.801024708373 0.42224409448819245 -858.402930058815 -42.07579724409449
UCRKL000002_66 174 28 2_66 mixed 167.35999999999999 5.039999999999999 3352.007754412095 33520.077544120955 110 2363.51 21347.22 126.8267 1 285.77588772060477 2743.364877206048 14.709335 14504.71015388902 -5.0777559055118076 1200.6884524512075 60.474202755905495
UCRKL000002_74 143 28 2_74 mixed 92.46000000000001 5.039999999999999 1835.8546993392204 12000.132392401623 105.5 2363.51 21347.22 126.8267 1 209.968234966961 1667.3676196200813 10.964335 -7015.234997830312 -9.577755905511808 -315.46460262166715 -14.425797244094483
UCRKL000002_77 178 28 2_77 mixed 170.10999999999999 5.289999999999999 3227.1996593198564 30810.612258043737 110 2363.51 21347.22 126.8267 1 279.53548296599286 2607.891612902187 14.846834999999999 11795.244867811802 -5.0777559055118076 1075.880357358969 63.224202755905495
UCRKL000002_79 179 28 2_79 mixed 141.26 5.24 2649.6768562811403 24286.53402123358 112 2363.51 21347.22 126.8267 1 250.65934281405703 2281.687701061679 13.404335 5271.166631001644 -3.0777559055118076 498.3575543202528 34.3742027559055
UCRKL000002_81 120 28 2_81 mixed 111.01 4.789999999999999 2314.2926375627076 20828.633738064367 116 2363.51 21347.22 126.8267 1 233.89013187813538 2108.7926869032185 11.891835 1813.266347832432 0.9222440944881924 162.97333560182005 4.1242027559055146
UCRKL000002_84 172 28 2_84 mixed 109.91 5.289999999999999 2061.379325152716 14046.240888058663 112 2363.51 21347.22 126.8267 1 221.2444662576358 1769.673044402933 11.836834999999999 -4969.1265021732725 -3.0777559055118076 -89.93997680817165 3.024202755905506
UCRKL000002_85 180 28 2_85 mixed 135.01 5.14 2652.323346392287 26523.233463922872 114.5 2363.51 21347.22 126.8267 1 250.79166731961436 2393.522673196144 13.091835 7507.866073690937 -0.5777559055118076 501.0040444313995 28.1242027559055
UCRKL000002_89 139 28 2_89 mixed 153.40999999999997 4.89 3148.1330092334983 31481.33009233498 112.5 2363.51 21347.22 126.8267 1 275.5821504616749 2641.427504616749 14.011835 12465.962702103046 -2.5777559055118076 996.8137072726108 46.52420275590548
UCRKL000002_90 181 28 2_90 mixed 131.60999999999999 5.39 2461.2883798685452 19690.307038948362 112 2363.51 21347.22 126.8267 1 241.23991899342727 2051.8763519474182 12.921834999999998 674.9396487164267 -3.0777559055118076 309.9690779076577 24.724202755905495
UCRKL000002_99 183 28 2_99 mixed 185.81 5.14 3625.7615419875665 30264.82984873338 113.5 2363.51 21347.22 126.8267 1 299.4635770993783 2580.6024924366693 15.631835 11249.462458501446 -1.5777559055118076 1474.442240026679 78.92420275590551
UCRKL000003_104 186 50 3_104 mixed 119.60999999999999 4.59 2464.888560365379 21375.04515838477 117 2363.51 21347.22 126.8267 1 241.41992801826896 2136.113257919239 12.321834999999998 2359.6777681528365 1.9222440944881924 313.5692584044914 12.724202755905495
UCRKL000003_112 162 50 3_112 mixed 94.11000000000001 4.789999999999999 1962.6045118559564 15599.592212747939 118.5 2363.51 21347.22 126.8267 1 216.3057255927978 1847.3406106373973 11.046835000000002 -3415.7751774839962 3.4222440944881924 -188.71479010493113 -12.775797244094477
UCRKL000003_139 191 50 3_139 mixed 148.01 4.54 3203.682399715803 32036.82399715803 108.5 2363.51 21347.22 126.8267 1 278.3596199857901 2669.2021998579016 13.741835 13021.456606926095 -6.5777559055118076 1052.3630977549155 41.1242027559055
UCRKL000003_146 193 50 3_146 mixed 131.10999999999999 5.289999999999999 2483.4889815408997 23548.717470719617 117 2363.51 21347.22 126.8267 1 242.34994907704498 2244.796873535981 12.896835 4533.350080487682 1.9222440944881924 332.16967958001214 24.224202755905495
UCRKL000003_158 187 50 3_158 mixed 97.21000000000001 5.49 1778.176484463507 15011.527868678178 113 2363.51 21347.22 126.8267 1 207.08432422317537 1817.9373934339092 11.201834999999999 -4003.8395215537566 -2.0777559055118076 -373.1428174973805 -9.675797244094483
UCRKL000003_169 195 50 3_169 mixed 98.46000000000001 5.4399999999999995 1772.6139561343805 17726.139561343804 115.5 2363.51 21347.22 126.8267 1 206.80619780671904 1953.6679780671905 11.264334999999999 -1289.2278288881316 0.42224409448819245 -378.705345826507 -8.425797244094483
UCRKL000003_186 162 50 3_186 mixed 57.31 4.89 1187.0961128938463 8018.7690621326165 113 2363.51 21347.22 126.8267 1 177.5303056446923 1468.299453106631 9.206835000000002 -10996.598328099319 -2.0777559055118076 -964.2231890670412 -49.57579724409449
UCRKL000003_196 197 50 3_196 mixed 103.96000000000001 5.24 1997.0235209640205 16888.231499065067 114.5 2363.51 21347.22 126.8267 1 218.02667604820104 1911.7725749532533 11.539335 -2127.1358911668685 -0.5777559055118076 -154.29578099686705 -2.9257972440944826
UCRKL000003_207 199 50 3_207 mixed 92.96000000000001 5.4399999999999995 1694.408267893848 16944.08267893848 117 2363.51 21347.22 126.8267 1 202.8959133946924 1914.565133946924 10.989335 -2071.284711293454 1.9222440944881924 -456.9110340670395 -13.925797244094483
UCRKL000003_4 205 50 3_4 mixed 122.91000000000001 5.1899999999999995 2387.3637310885456 24370.726132633208 111.5 2363.51 21347.22 126.8267 1 237.54368655442732 2285.8973066316603 12.486835000000001 5355.358742401273 -3.5777559055118076 236.04442912765808 16.02420275590552
UCRKL000003_41 203 50 3_41 mixed 147.86 5.6899999999999995 2608.4186849821263 25059.489095071694 115.5 2363.51 21347.22 126.8267 1 248.59643424910632 2320.3354547535846 13.734335000000002 6044.121704839759 0.42224409448819245 457.09938302123874 40.97420275590552
UCRKL000003_67 207 50 3_67 mixed 141.31 4.489999999999999 3179.8278260782226 28618.450434704002 113.5 2363.51 21347.22 126.8267 1 277.16689130391114 2498.2835217352003 13.406835000000001 9603.083044472067 -1.5777559055118076 1028.5085241173351 34.42420275590551
UCRKL000003_72 208 50 3_72 mixed 65.61 5.1899999999999995 1276.272123274114 12762.72123274114 115.5 2363.51 21347.22 126.8267 1 181.9891061637057 1705.497061637057 9.621835 -6252.646157490795 0.42224409448819245 -875.0471786867736 -41.27579724409449
UCRKL000003_79 185 50 3_79 mixed 121.00999999999999 5.39 2235.1842851775637 22351.84285177564 114.5 2363.51 21347.22 126.8267 1 229.9347142588782 2184.953142588782 12.391835 3336.475461543705 -0.5777559055118076 83.86498321667614 14.1242027559055
UCRKL000003_87 198 50 3_87 mixed 176.36 4.9399999999999995 3568.8284544549224 30514.664912647386 114.5 2363.51 21347.22 126.8267 1 296.61692272274615 2593.094245632369 15.159335000000002 11499.29752241545 -0.5777559055118076 1417.5091524940349 69.47420275590552
UCRKL000003_95 210 50 3_95 mixed 116.10999999999999 5.59 2111.3265466337266 18045.36194129088 118 2363.51 21347.22 126.8267 1 223.74182733168635 1969.629097064544 12.146835 -970.005448941054 2.9222440944881924 -39.99275532716092 9.224202755905495
UCRKL0000048_5 NA 0 48_5 mixed 119.76 5.4399999999999995 2212.9397666868094 20029.898501592637 115.5 2363.51 21347.22 126.8267 1 228.8224883343405 2068.855925079632 12.329335 1014.5311113607022 0.42224409448819245 61.62046472592192 12.874202755905515
UCRKL0000050_3 NA 0 50_3 mixed 117.50999999999999 4.99 2389.8733311611777 17374.307424346647 114.5 2363.51 21347.22 126.8267 1 237.6691665580589 1936.0763712173325 12.216835 -1641.059965885288 -0.5777559055118076 238.5540292002902 10.6242027559055
UCRKL0000052_5_1 NA 0 52_5_1 mixed 94.21000000000001 5.039999999999999 1889.726691219229 17804.942818375657 112 2363.51 21347.22 126.8267 1 212.66183456096147 1957.6081409187827 11.051835 -1210.424571856278 -3.0777559055118076 -261.5926107416585 -12.675797244094483
UCRKL0000054_5 NA 0 54_5 mixed 99.21000000000001 4.74 2093.231484822968 17801.64000160391 116.5 2363.51 21347.22 126.8267 1 222.8370742411484 1957.4430000801956 11.301835 -1213.7273886280236 1.4222440944881924 -58.0878171379195 -7.675797244094483
UCRKL0000056_5 NA 0 56_5 mixed 115.61000000000001 5.34 2172.71865820146 20503.10180359456 117.5 2363.51 21347.22 126.8267 1 226.81143291007302 2092.516090179728 12.121835 1487.7344133626248 2.4222440944881924 21.399356240572615 8.724202755905523
UCRKL0000060_4 NA 0 60_4 mixed 112.66 4.9399999999999995 2306.1732243418055 21486.993203752085 105.5 2363.51 21347.22 126.8267 1 233.48416121709027 2141.7106601876044 11.974335 2471.6258135201497 -9.577755905511808 154.853922380918 5.774202755905506
UCRKL0000063_4 NA 0 63_4 mixed 114.81 4.79 2396.8684759916496 23968.684759916494 111.5 2363.51 21347.22 126.8267 1 238.0189237995825 2265.7952379958247 12.081835000000002 4953.317369684559 -3.5777559055118076 245.54917403076206 7.924202755905512
UCRKL0000065_2 NA 0 65_2 mixed 162.01 5.09 3182.6436875684485 31826.436875684485 110 2363.51 21347.22 126.8267 1 277.30768437842244 2658.682843784224 14.441835000000001 12811.06948545255 -5.0777559055118076 1031.324385607561 55.1242027559055
UCRKL0000066_5 NA 0 66_5 mixed 78.36000000000001 5.039999999999999 1550.942873757373 14706.460277462413 113.5 2363.51 21347.22 126.8267 1 195.72264368786867 1802.6840138731209 10.259335000000002 -4308.907112769522 -1.5777559055118076 -600.3764282035145 -28.525797244094477
UCRKL0000068_3_1 NA 0 68_3_1 mixed 111.36 5.539999999999999 2008.9523641944534 20089.523641944535 111 2363.51 21347.22 126.8267 1 218.6231182097227 2071.837182097227 11.909335 1074.1562517126004 -4.0777559055118076 -142.36693776643415 4.474202755905509
UCRKL000007_10 203 58 7_10 mixed 105.01 5.34 1958.47731556061 15098.070059066935 116.5 2363.51 21347.22 126.8267 1 216.09936577803052 1822.264502953347 11.591835 -3917.2973311650003 1.4222440944881924 -192.84198640027762 -1.8757972440944854
UCRKL000007_100 185 58 7_100 mixed 92.66 4.99 1841.6427180865858 12097.682395476037 118.5 2363.51 21347.22 126.8267 1 210.2576359043293 1672.2451197738017 10.974335 -6917.6849947558985 3.4222440944881924 -309.67658387430174 -14.225797244094494
UCRKL000007_102 203 58 7_102 mixed 71.61 4.74 1503.3000523604728 13630.722619276712 118 2363.51 21347.22 126.8267 1 193.34050261802366 1748.8971309638357 9.921835 -5384.644770955223 2.9222440944881924 -648.0192496004147 -35.27579724409449
UCRKL000007_105 211 58 7_105 mixed 112.11000000000001 5.039999999999999 2244.391216459447 22443.91216459447 112.5 2363.51 21347.22 126.8267 1 230.3950608229724 2189.5566082297237 11.946835000000002 3428.5447743625336 -2.5777559055118076 93.07191449855964 5.224202755905523
UCRKL000007_11 59 58 7_11 mixed 117.36 5.29 2218.525519848771 19917.58034026465 118.5 2363.51 21347.22 126.8267 1 229.10177599243858 2063.2400170132323 12.209335 902.2129500327137 3.4222440944881924 67.20621788788367 10.474202755905509
UCRKL000007_115 162 58 7_115 mixed 153.76 5.64 2724.820558931811 9616.992432507208 114.5 2363.51 21347.22 126.8267 1 254.41652794659058 1548.2106216253603 14.029335 -9398.374957724727 -0.5777559055118076 573.5012569709234 46.8742027559055
UCRKL000007_118 212 58 7_118 mixed 122.21 5.74 2135.173693301772 21351.73693301772 117 2363.51 21347.22 126.8267 1 224.9341846650886 2134.947846650886 12.451834999999999 2336.3695427857856 1.9222440944881924 -16.145608659115624 15.324202755905503
UCRKL000007_119 213 58 7_119 mixed 111.85999999999999 5.34 2060.4681225298536 19371.00246882185 118.5 2363.51 21347.22 126.8267 1 221.1989061264927 2035.9111234410927 11.934334999999999 355.6350785899158 3.4222440944881924 -90.85117943103387 4.974202755905495
UCRKL000007_12 214 58 7_12 mixed 121.85999999999999 4.89 2472.74181994881 24727.418199488104 117.5 2363.51 21347.22 126.8267 1 241.8125909974405 2303.7319099744054 12.434334999999999 5712.050809256169 2.4222440944881924 321.4225179879227 14.974202755905495
UCRKL000007_126 154 58 7_126 mixed 109.96000000000001 4.539999999999999 2418.098801015086 22793.6241757282 113 2363.51 21347.22 126.8267 1 239.0804400507543 2207.04220878641 11.839335 3778.2567854962654 -2.0777559055118076 266.77949905419837 3.0742027559055174
UCRKL000007_131 215 58 7_131 mixed 166.45999999999998 5.39 3088.311688311688 30883.116883116883 118 2363.51 21347.22 126.8267 1 272.5910844155844 2611.5168441558444 14.664335 11867.749492884948 2.9222440944881924 936.9923863508006 59.57420275590549
UCRKL000007_14 218 58 7_14 mixed 105.86000000000001 5.59 1892.4883395597049 14368.417093229105 117.5 2363.51 21347.22 126.8267 1 212.79991697798522 1785.781854661455 11.634335000000002 -4646.95029700283 2.4222440944881924 -258.83096240118266 -1.025797244094477
UCRKL000007_141 216 58 7_141 mixed 140.51 5.14 2733.3579946200452 21866.863956960362 112 2363.51 21347.22 126.8267 1 254.84339973100228 2160.7041978480183 13.366835 2851.496566728427 -3.0777559055118076 582.0386926591577 33.6242027559055
UCRKL000007_149 217 58 7_149 mixed 135.76 6.04 2241.311289954996 17194.632761380704 115 2363.51 21347.22 126.8267 1 230.24106449774982 1927.0926380690355 13.129335000000001 -1820.7346288512308 -0.07775590551180755 89.99198799410851 28.8742027559055
UCRKL000007_152 121 58 7_152 mixed 75.56 4.9399999999999995 1491.1449646020978 13962.430038177841 119 2363.51 21347.22 126.8267 1 192.7327482301049 1765.4825019088923 10.119335000000001 -5052.937352054094 3.9222440944881924 -660.1743373587897 -31.32579724409449
UCRKL000007_158 219 58 7_158 mixed 135.90999999999997 5.6899999999999995 2388.16029143898 23881.6029143898 114 2363.51 21347.22 126.8267 1 237.58351457194902 2261.44114571949 13.136835 4866.235524157866 -1.0777559055118076 236.84098947809252 29.024202755905478
UCRKL000007_165 221 58 7_165 mixed 147.35999999999999 5.34 2762.7299240868842 27627.299240868844 115.5 2363.51 21347.22 126.8267 1 256.3119962043442 2448.7259620434425 13.709335 8611.931850636909 0.42224409448819245 611.4106221259967 40.474202755905495
UCRKL000007_167 222 58 7_167 mixed 154.15999999999997 5.4399999999999995 2830.734241038691 25140.493594357766 112 2363.51 21347.22 126.8267 1 259.71221205193456 2324.3856797178883 14.049335 6125.126204125831 -3.0777559055118076 679.4149390778034 47.27420275590548
UCRKL000007_173 224 58 7_173 mixed 80.86 4.789999999999999 1579.9124427918914 15799.124427918914 118 2363.51 21347.22 126.8267 1 197.1711221395946 1857.3172213959456 10.384335 -3216.242962313021 2.9222440944881924 -571.4068591689961 -26.02579724409449
UCRKL000007_174 225 58 7_174 mixed 81.41000000000001 5.09 1613.2877946196281 14242.70781387114 115 2363.51 21347.22 126.8267 1 198.8398897309814 1779.4963906935568 10.411835 -4772.659576360795 -0.07775590551180755 -538.0315073412594 -25.47579724409448
UCRKL000007_176 219 58 7_176 mixed 123.96000000000001 5.39 2300.571928338516 21875.84678793889 111.5 2363.51 21347.22 126.8267 1 233.2040964169258 2161.153339396945 12.539335 2860.4793977069567 -3.5777559055118076 149.25262637762853 17.074202755905517
UCRKL000007_177 226 58 7_177 mixed 83.96000000000001 4.84 1725.055896484468 16430.51234479806 115.5 2363.51 21347.22 126.8267 1 204.4282948242234 1888.886617239903 10.539335 -2584.8550454338765 0.42224409448819245 -426.2634054764196 -22.925797244094483
UCRKL000007_184 222 58 7_184 mixed 135.91 5.39 2506.6191104142654 21005.051207769597 112 2363.51 21347.22 126.8267 1 243.50645552071327 2117.61356038848 13.136835 1989.6838175376615 -3.0777559055118076 355.29980845337786 29.024202755905506
UCRKL000007_187 229 58 7_187 mixed 115.91 5.04 2332.16215256264 19309.68621616395 118 2363.51 21347.22 126.8267 1 234.783607628132 2032.8453108081976 12.136835 294.3188259320159 2.9222440944881924 180.84285060175262 9.024202755905506
UCRKL000007_190 121 58 7_190 mixed 120.10999999999999 5.1899999999999995 2290.2982216752616 8964.446518268449 115.5 2363.51 21347.22 126.8267 1 232.69041108376308 1515.5833259134226 12.346834999999999 -10050.920871963486 0.42224409448819245 138.97891971437411 13.224202755905495
UCRKL000007_198 231 58 7_198 mixed 93.16000000000001 5.39 1749.312872904754 16307.797780925892 114.5 2363.51 21347.22 126.8267 1 205.64114364523772 1882.7508890462946 10.999335 -2707.5696093060433 -0.5777559055118076 -402.0064290561336 -13.72579724409448
UCRKL000007_20 235 58 7_20 mixed 106.66 4.79 2123.4655703464778 21234.655703464778 115.5 2363.51 21347.22 126.8267 1 224.3487785173239 2129.0937851732388 11.674335 2219.2883132328425 0.42224409448819245 -27.853731614409753 -0.22579724409449398
UCRKL000007_207 234 58 7_207 mixed 141.06 5.4399999999999995 2588.6824398684776 25886.824398684777 114.5 2363.51 21347.22 126.8267 1 247.6096219934239 2361.702219934239 13.394335000000002 6871.457008452842 -0.5777559055118076 437.36313790759004 34.17420275590551
UCRKL000007_211 121 58 7_211 mixed 101.56 5.09 1985.8451142526897 18745.407664266026 115.5 2363.51 21347.22 126.8267 1 217.46775571263453 2004.6313832133012 11.419335 -269.95972596590946 0.42224409448819245 -165.47418770819786 -5.325797244094488
UCRKL000007_214 221 58 7_214 mixed 171.01 5.34 3195.98744959306 31959.8744959306 112 2363.51 21347.22 126.8267 1 277.974872479653 2665.35472479653 14.891835 12944.507105698664 -3.0777559055118076 1044.6681476321723 64.1242027559055
UCRKL000007_219 221 58 7_219 mixed 103.66 5.74 1805.304318259096 7201.836110166611 113 2363.51 21347.22 126.8267 1 208.44071591295477 1427.4528055083306 11.524334999999999 -11813.531280065323 -2.0777559055118076 -346.0149837017916 -3.225797244094494
UCRKL000007_31 113 58 7_31 mixed 85.46000000000001 4.49 1934.6432318179234 19346.432318179235 117.5 2363.51 21347.22 126.8267 1 214.90766159089617 2034.682615908962 10.614335 331.0649279473 2.4222440944881924 -216.67607014296414 -21.425797244094483
UCRKL000007_34 236 58 7_34 mixed 110.71000000000001 5.14 2134.7102912488454 20420.589342551084 109.5 2363.51 21347.22 126.8267 1 224.9110145624423 2088.3904671275545 11.876835 1405.2219523191488 -5.5777559055118076 -16.609010712042164 3.8242027559055174
UCRKL000007_40 59 58 7_40 mixed 84.46000000000001 5.039999999999999 1708.1438817046496 15994.445213634983 117 2363.51 21347.22 126.8267 1 203.5826940852325 1867.0832606817494 10.564335 -3020.9221765969523 1.9222440944881924 -443.1754202562379 -22.425797244094483
UCRKL000007_44 238 58 7_44 mixed 59.71000000000001 4.49 1252.8299296902408 12528.299296902407 112.5 2363.51 21347.22 126.8267 1 180.81699648451203 1693.7759648451204 9.326834999999999 -6487.068093329528 -2.5777559055118076 -898.4893722706468 -47.17579724409448
UCRKL000007_51 228 58 7_51 mixed 131.86 5.039999999999999 2608.5940052994006 24394.780917434084 115.5 2363.51 21347.22 126.8267 1 248.60520026497005 2287.100045871704 12.934335 5379.4135272021485 0.42224409448819245 457.27470333851306 24.974202755905523
UCRKL000007_53 239 58 7_53 mixed 98.46000000000001 4.89 2005.8058517074912 20058.05851707491 118 2363.51 21347.22 126.8267 1 218.46579258537457 2070.2639258537456 11.264334999999999 1042.6911268429758 2.9222440944881924 -145.5134502533963 -8.425797244094483
UCRKL000007_65 241 58 7_65 mixed 53.61 5.239999999999999 994.99144007505015 8345.904924603306 114.5 2363.51 21347.22 126.8267 1 167.92507200375252 1484.6562462301654 9.021835 -10669.462465628629 -0.5777559055118076 -1156.3278618858374 -53.27579724409449
UCRKL000007_67 188 58 7_67 mixed 148.10999999999999 5.489999999999999 2777.8391507556016 25879.226232096917 118 2363.51 21347.22 126.8267 1 257.0674575377801 2361.3223116048457 13.746834999999999 6863.8588418649815 2.9222440944881924 626.5198487947141 41.224202755905495
UCRKL000007_69 232 58 7_69 mixed 111.75999999999999 4.59 2422.2432223230016 22721.7925643814 111 2363.51 21347.22 126.8267 1 239.2876611161501 2203.45062821907 11.929335 3706.4251741494663 -4.0777559055118076 270.92392036211413 4.8742027559055
UCRKL000007_7 243 58 7_7 mixed 114.51 5.24 2188.5464241063455 19810.13956573878 114.5 2363.51 21347.22 126.8267 1 227.6028212053173 2057.867978286939 12.066835000000001 794.7721755068451 -0.5777559055118076 37.227122145458 7.6242027559055146
UCRKL000007_81 107 58 7_81 mixed 85.06 5.49 1530.2797522356498 13510.607369555139 115.5 2363.51 21347.22 126.8267 1 194.68948761178248 1742.891368477757 10.594335000000001 -5504.760020676797 0.42224409448819245 -621.0395497252377 -21.82579724409449
UCRKL000007_84 244 58 7_84 mixed 101.66 5.1899999999999995 1958.7668593448943 13905.587668593449 117 2363.51 21347.22 126.8267 1 216.11384296724472 1762.6403834296725 11.424335 -5109.779721638486 1.9222440944881924 -192.5524426159932 -5.225797244094494
UCRKL000007_86 203 58 7_86 mixed 121.31 5.1899999999999995 2359.3342529214274 23593.342529214275 115.5 2363.51 21347.22 126.8267 1 236.1422126460714 2247.028126460714 12.406835000000001 4577.97513898234 0.42224409448819245 208.01495096053986 14.424202755905512
UCRKL000007_87 245 58 7_87 mixed 135.81 5.14 2619.855041050154 23250.280829445073 111 2363.51 21347.22 126.8267 1 249.1682520525077 2229.8750414722535 13.131835 4234.913439213138 -4.0777559055118076 468.53573908926637 28.92420275590551
UCRKL000007_93 185 58 7_93 mixed 108.31 5.489999999999999 1972.8597449908928 12304.553734061934 117.5 2363.51 21347.22 126.8267 1 216.81848724954466 1682.5886867030968 11.756835 -6710.813656170001 2.4222440944881924 -178.45955696999476 1.4242027559055117
UCRKL000007_95 59 58 7_95 mixed 88.55999999999999 5.4399999999999995 1606.4042257474357 13588.049818911031 122 2363.51 21347.22 126.8267 1 198.4957112873718 1746.7634909455514 10.769335 -5427.317571320904 6.9222440944881924 -544.9150762134518 -18.325797244094503
UCRKL000007_96 187 58 7_96 mixed 124.06 5.84 2133.1353490134566 17477.16629801634 120.5 2363.51 21347.22 126.8267 1 224.83226745067287 1941.219314900817 12.544335 -1538.2010922155969 5.4222440944881924 -18.183952947430953 17.17420275590551
UCRKL000007_97 107 58 7_97 mixed 90.46000000000001 4.29 2108.624708624709 18977.62237762238 114 2363.51 21347.22 126.8267 1 223.60673543123548 2016.242118881119 10.864335 -37.74501260955367 -1.0777559055118076 -42.694593336178514 -16.425797244094483
UCRKL000007_98 246 58 7_98 mixed 109.31 5.59 1960.3391820789018 16580.994964207486 112 2363.51 21347.22 126.8267 1 216.1924591039451 1896.4107482103743 11.806835000000001 -2434.372426024449 -3.0777559055118076 -190.98011988198573 2.4242027559055117
UCRKL0000070_4_1 NA 0 70_4_1 mixed 78.16 4.54 1676.211610240838 15512.011718274767 114 2363.51 21347.22 126.8267 1 201.98608051204192 1842.9615859137382 10.249334999999999 -3503.355671957168 -1.0777559055118076 -475.1076917200496 -28.725797244094494
UCRKL0000071_5 NA 0 71_5 mixed 99.56 5.539999999999999 1798.0162975030344 17073.997271754815 115 2363.51 21347.22 126.8267 1 208.07631487515172 1921.0608635877409 11.319335 -1941.3701184771198 -0.07775590551180755 -353.30300445785315 -7.325797244094488
UCRKL000001_135 55 18 1_135 mixed 116.21 4.4399999999999995 2642.5385072443896 23580.28703322821 115 2363.51 21347.22 126.8267 1 250.30242536221948 2246.3753516614106 12.151835 4564.919642996276 -0.07775590551180755 491.2192052835021 9.324202755905503
UCRKL000001_191 79 18 1_191 mixed 61.760000000000005 5.289999999999999 1138.6086786537844 9176.065464576222 113.5 2363.51 21347.22 126.8267 1 175.10593393268923 1526.1642732288112 9.429335 -9839.301925655713 -1.5777559055118076 -1012.7106233071031 -45.125797244094485
UCRKL000001_8 81 18 1_8 mixed 117.46000000000001 4.89 2423.9149467369857 20460.760469334495 111 2363.51 21347.22 126.8267 1 239.3712473368493 2090.3990234667244 12.214335 1445.3930791025596 -4.0777559055118076 272.5956447760982 10.574202755905517
UCRKL000002_106 110 28 2_106 mixed 121.11 5.09 2339.977923994348 23399.779239943484 118.5 2363.51 21347.22 126.8267 1 235.17439619971742 2237.3499619971744 12.396835 4384.411849711549 3.4222440944881924 188.6586220334607 14.224202755905509
UCRKL000002_64 128 28 2_64 mixed 159.11 5.289999999999999 3027.121646429837 30271.21646429837 113 2363.51 21347.22 126.8267 1 269.53158232149184 2580.9218232149187 14.296835000000002 11255.849074066435 -2.0777559055118076 875.8023444689493 52.22420275590552
UCRKL000002_156 141 28 2_156 mixed 125.50999999999999 5.39 2318.9917395780612 20485.947641527302 113 2363.51 21347.22 126.8267 1 234.12508697890308 2091.6583820763653 12.616835 1470.580251295367 -2.0777559055118076 167.67243761717373 18.6242027559055
UCRKL000002_62 159 28 2_62 mixed 65.86 4.39 1500.227790432802 13502.050113895219 106 2363.51 21347.22 126.8267 1 193.18688952164013 1742.463505694761 9.634335 -5513.3172763367165 -9.077755905511808 -651.0915115280854 -41.02579724409449
UCRKL000003_118 189 50 3_118 mixed 91.21000000000001 4.99 1819.8516679322302 17488.291730447047 113 2363.51 21347.22 126.8267 1 209.1680833966115 1941.7755865223523 10.901835 -1527.0756597848886 -2.0777559055118076 -331.46763402865736 -15.675797244094483
UCRKL000003_9 200 50 3_9 mixed 154.16 4.6899999999999995 3286.993603411514 32869.93603411514 112 2363.51 21347.22 126.8267 1 282.5251801705757 2710.857801705757 14.049335 13854.568643883205 -3.0777559055118076 1135.6743014506264 47.274202755905506
UCRKL000007_94 233 58 7_94 mixed 152.35999999999999 5.14 2979.2083537728495 27033.249293648347 113.5 2363.51 21347.22 126.8267 1 267.1359176886425 2419.0234646824174 13.959335 8017.881903416412 -1.5777559055118076 827.889051811962 45.474202755905495
UCRKL000002_19 6 28 2_19 mixed 91.91 4.59 1995.013320290055 15282.329364947456 114.5 2363.51 21347.22 126.8267 1 217.92616601450277 1831.477468247373 10.936834999999999 -3733.038025284479 -0.5777559055118076 -156.30598167083258 -14.975797244094494
UCRKL000001_116 41 18 1_116 mixed 88.01 4.79 1850.8903195103574 18508.903195103572 114.5 2363.51 21347.22 126.8267 1 210.7200159755179 1992.8061597551787 10.741835 -506.4641951283629 -0.5777559055118076 -300.42898245053016 -18.875797244094485
UCRKL000001_126 42 18 1_126 mixed 109.01 5.289999999999999 2067.8887493245447 16161.79515532796 116 2363.51 21347.22 126.8267 1 221.56993746622726 1875.4507577663978 11.791835 -2853.572234903975 0.9222440944881924 -83.43055263634278 2.1242027559055146
UCRKL000002_169 109 28 2_169 mixed 88.51 5.039999999999999 1758.74203576959 13147.032400676148 117.5 2363.51 21347.22 126.8267 1 206.1126017884795 1724.7126200338075 10.766835 -5868.334989555788 2.4222440944881924 -392.57726619129744 -18.375797244094485
UCRKL000002_157 140 28 2_157 mixed 108.46000000000001 5.289999999999999 2038.6153344255597 18141.788406867403 114.5 2363.51 21347.22 126.8267 1 220.10626672127802 1974.4504203433703 11.764334999999999 -873.5789833645322 -0.5777559055118076 -112.70396753532782 1.5742027559055174
UCRKL000002_166 112 28 2_166 mixed 112.36 5.24 2133.013597901599 17877.72095218236 111 2363.51 21347.22 126.8267 1 224.82617989507997 1961.247047609118 11.959335 -1137.6464380495745 -4.0777559055118076 -18.305704059288473 5.474202755905509
UCRKL000001_85 63 18 1_85 mixed 103.10999999999999 4.99 2080.963515614642 20809.635156146418 114.5 2363.51 21347.22 126.8267 1 222.2236757807321 2107.842757807321 11.496834999999999 1794.2677659144829 -0.5777559055118076 -70.35578634624562 -3.7757972440945053
NA NA 18 1_105_1 mixed 58.91 5.59 1054.2315313671447 10542.315313671446 114 2363.51 21347.22 126.8267 1 170.88707656835726 1594.4767656835725 9.286835 -8473.052076560489 -1.0777559055118076 -1097.0877705937428 -47.975797244094494
NA NA 18 1_112_2 mixed 92.01 4.9399999999999995 1862.794107350985 17694.825605100265 111 2363.51 21347.22 126.8267 1 211.31520536754925 1952.1022802550135 10.941835000000001 -1320.5417851316706 -4.0777559055118076 -288.5251946099024 -14.875797244094485
NA NA 18 1_114_2 mixed 75.51 5.14 1476.7110781108531 14767.110781108531 116 2363.51 21347.22 126.8267 1 192.01105390554267 1805.7165390554267 10.116835 -4248.256609123404 0.9222440944881924 -674.6082238500344 -31.375797244094485
NA NA 18 1_118 mixed 104.16 4.99 2088.9634394069217 14543.468449443084 115.5 2363.51 21347.22 126.8267 1 222.6236719703461 1794.5344224721543 11.549335 -4471.898940788851 0.42224409448819245 -62.355862553965835 -2.725797244094494
NA NA 18 1_137 mixed 70.51 5.289999999999999 1370.1365836353043 9455.097179636623 115.5 2363.51 21347.22 126.8267 1 186.68232918176523 1540.115858981831 9.866835 -9560.270210595312 0.42224409448819245 -781.1827183255832 -36.375797244094485
NA NA 18 1_147_1 mixed 93.16000000000001 5.09 1830.2554027504914 18302.554027504913 114 2363.51 21347.22 126.8267 1 209.68827013752457 1982.4887013752457 10.999335 -712.8133627270217 -1.0777559055118076 -321.06389921039613 -13.72579724409448
NA NA 18 1_162_3 mixed 104.81 5.039999999999999 2111.0320383241497 20281.37789715615 112.5 2363.51 21347.22 126.8267 1 223.7271019162075 2081.429894857808 11.581835000000002 1266.0105069242163 -2.5777559055118076 -40.28726363673786 -2.0757972440944883
NA NA 18 1_165_3 mixed 92.81 5.34 1740.2278251049518 16413.99847789262 114.5 2363.51 21347.22 126.8267 1 205.18689125524762 1888.0609238946308 10.981835 -2601.368912339316 -0.5777559055118076 -411.09147685593575 -14.075797244094488
NA NA 18 1_16_2 mixed 124.50999999999999 4.89 2526.3006179373365 23710.605344300297 111.5 2363.51 21347.22 126.8267 1 244.49053089686686 2252.891267215015 12.566835000000001 4695.237954068361 -3.5777559055118076 374.98131597644897 17.6242027559055
NA NA 18 1_172_2 mixed 116.315 4.89 2387.341907196439 23318.777011224956 113 2363.51 21347.22 126.8267 1 237.54259535982197 2233.2998505612477 12.157085 4303.409620993021 -2.0777559055118076 236.0226052355515 9.429202755905507
NA NA 18 1_174 mixed 113.81 4.34 2612.131440326156 22350.949072720607 112 2363.51 21347.22 126.8267 1 248.7820720163078 2184.9084536360306 12.031835000000001 3335.5816824886715 -3.0777559055118076 460.8121383652683 6.924202755905512
NA NA 18 1_177 mixed 122.66000000000001 4.59 2672.3311546840964 26723.311546840963 112 2363.51 21347.22 126.8267 1 251.7920577342048 2403.5265773420483 12.474335 7707.944156609028 -3.0777559055118076 521.0118527232089 15.77420275590552
NA NA 18 1_179_1 mixed 62.61 5.739999999999999 1102.9885875366049 9235.09400914092 115.5 2363.51 21347.22 126.8267 1 173.32492937683026 1529.1157004570462 9.471835 -9780.273381091016 0.42224409448819245 -1048.3307144242826 -44.27579724409449
NA NA 18 1_17_2 mixed 124.75999999999999 5.34 2326.5247020535544 20938.722318481992 109 2363.51 21347.22 126.8267 1 234.50173510267774 2114.2971159240997 12.579335 1923.3549282500571 -6.0777559055118076 175.20540009266688 17.8742027559055
NA NA 18 1_18 mixed 120.41 4.84 2493.5081180543993 17873.932143909216 110 2363.51 21347.22 126.8267 1 242.85090590271997 1961.0576071954608 12.361835 -1141.4352463227187 -5.0777559055118076 342.18881609351183 13.524202755905506
NA NA 18 1_189 mixed 119.11000000000001 4.99 2385.0603251895336 11543.342533778492 115.5 2363.51 21347.22 126.8267 1 237.42851625947668 1644.5281266889247 12.296835000000002 -7472.024856453443 0.42224409448819245 233.7410232286461 12.224202755905523
NA NA 18 1_192_3 mixed 119.25999999999999 4.59 2570.7608948575607 25707.608948575606 113 2363.51 21347.22 126.8267 1 246.71354474287804 2352.7414474287807 12.304335 6692.2415583436705 -2.0777559055118076 419.4415928966732 12.3742027559055
NA NA 18 1_193_3 mixed 108.31 5.64 1955.9249663112118 16100.985890157193 115 2363.51 21347.22 126.8267 1 215.97174831556057 1872.4102945078598 11.756835 -2914.381500074742 -0.07775590551180755 -195.39433564967567 1.4242027559055117
NA NA 18 1_195_3 mixed 115.46000000000001 4.49 2572.6194907221306 19370.568880551462 115.5 2363.51 21347.22 126.8267 1 246.80647453610655 2035.8894440275733 12.114335 355.2014903195268 0.42224409448819245 421.30018876124313 8.574202755905517
NA NA 18 1_203 mixed 107.25999999999999 4.9399999999999995 2153.2075378680506 20633.78113561014 115 2363.51 21347.22 126.8267 1 225.83587689340257 2099.0500567805075 11.704335 1618.413745378206 -0.07775590551180755 1.8882359071631072 0.37420275590550034
NA NA 18 1_39_1 mixed 105.41 4.89 2155.6237218813903 21556.237218813905 111 2363.51 21347.22 126.8267 1 225.95668609406954 2145.1728609406955 11.611835 2540.86982858197 -4.0777559055118076 4.3044199205028235 -1.475797244094494
NA NA 18 1_45 mixed 119.75999999999999 4.489999999999999 2667.2605790645885 26672.60579064588 112 2363.51 21347.22 126.8267 1 251.53852895322945 2400.991289532294 12.329335 7657.238400413946 -3.0777559055118076 515.9412771037009 12.8742027559055
NA NA 18 1_47_1 mixed 134.60999999999999 5.4399999999999995 2482.061748628317 22338.555737654853 114 2363.51 21347.22 126.8267 1 242.27858743141587 2184.288786882743 13.071834999999998 3323.188347422918 -1.0777559055118076 330.7424466674297 27.724202755905495
NA NA 18 1_51_1 mixed 139.11 4.79 2904.175365344468 24010.647181628396 112.5 2363.51 21347.22 126.8267 1 263.38426826722343 2267.89335908142 13.296835000000002 4995.2797913964605 -2.5777559055118076 752.8560633835805 32.22420275590552
NA NA 18 1_56 mixed 56.459999999999994 4.74 1203.6275178101232 12036.275178101234 114 2363.51 21347.22 126.8267 1 178.35687589050616 1669.1747589050617 9.164335 -6979.092212130701 -1.0777559055118076 -947.6917841507643 -50.4257972440945
NA NA 18 1_60_3 mixed 66.76 4.34 1541.2406879377268 12711.008277978666 114.5 2363.51 21347.22 126.8267 1 195.23753439688636 1702.9114138989335 9.679335 -6304.359112253269 -0.5777559055118076 -610.0786140231608 -40.125797244094485
NA NA 18 1_7_1 mixed 106.86000000000001 5.14 2087.3328249314227 19743.880396553493 114 2363.51 21347.22 126.8267 1 222.54214124657113 2054.5550198276746 11.684335 728.5130063215584 -1.0777559055118076 -63.98647702946482 -0.025797244094476923
NA NA 18 1_89_2 mixed 137.56 4.6899999999999995 2933.0490405117275 29330.490405117274 113 2363.51 21347.22 126.8267 1 264.82795202558634 2533.885520255864 13.219335000000001 10315.12301488534 -2.0777559055118076 781.72973855084 30.67420275590551
NA NA 0 45_3_2 mixed 89.31 4.539999999999999 1981.0772557115738 19810.772557115735 114.5 2363.51 21347.22 126.8267 1 217.22936278557873 2057.899627855787 10.806835000000001 795.4051668838001 -0.5777559055118076 -170.24204624931372 -17.57579724409449
NA NA 0 46_4_3 mixed 57.36 5.39 1105.2043878033705 10131.022267031742 111.5 2363.51 21347.22 126.8267 1 173.43571939016854 1573.912113351587 9.209335 -8884.345123200193 -3.5777559055118076 -1046.114914157517 -49.52579724409449
NA NA 0 47_4 mixed 118.41 4.9399999999999995 2347.146134236093 23471.461342360933 118 2363.51 21347.22 126.8267 1 235.53280671180465 2240.9340671180466 12.261835 4456.093952128998 2.9222440944881924 195.82683227520556 11.524202755905506
NA NA 0 49_4 mixed 114.75999999999999 5.14 2254.103827811102 18499.32048669998 112 2363.51 21347.22 126.8267 1 230.8806913905551 1992.3270243349991 12.079335 -516.0469035319547 -3.0777559055118076 102.78452585021432 7.8742027559055
NA NA 0 51_5_3 mixed 69.46000000000001 5.29 1313.0434782608695 9935.727788279773 105.5 2363.51 21347.22 126.8267 1 183.8276739130435 1564.1473894139885 9.814335 -9079.639601952162 -9.577755905511808 -838.275823700018 -37.42579724409448
NA NA 0 53_5 mixed 121.56 4.89 2462.412633646908 21121.84442177642 108.5 2363.51 21347.22 126.8267 1 241.29613168234542 2123.453221088821 12.419335 2106.477031544484 -6.5777559055118076 311.0933316860205 14.674202755905512
NA NA 0 55_5_3 mixed 63.85999999999999 3.6899999999999995 1730.6233062330623 17306.233062330622 117 2363.51 21347.22 126.8267 1 204.70666531165313 1932.672653116531 9.534335 -1709.1343279013126 1.9222440944881924 -420.6959957278252 -43.0257972440945
NA NA 0 57_4_2 mixed 110.06 4.89 2241.7950412805603 21242.525081992753 115.5 2363.51 21347.22 126.8267 1 230.26525206402803 2129.4872540996375 11.844335000000001 2227.157691760818 0.42224409448819245 90.47573931967281 3.1742027559055117
NA NA 0 58_3_3 mixed 117.76 5.039999999999999 2329.747490981821 20892.010428943893 117 2363.51 21347.22 126.8267 1 234.66287454909107 2111.9615214471946 12.229335 1876.643038711958 1.9222440944881924 178.4281890209336 10.874202755905515
NA NA 0 59_5_1 mixed 46.11 5.1899999999999995 897.9802219132807 8979.80221913281 128 2363.51 21347.22 126.8267 1 163.07451109566404 1516.3511109566405 8.646835 -10035.565171099126 12.922244094488192 -1253.3390800476068 -60.77579724409449
NA NA 0 61_5_3 mixed 126.06 4.64 2699.8195702663106 20606.997658653327 115.5 2363.51 21347.22 126.8267 1 253.16647851331555 2097.7108829326667 12.644335000000002 1591.6302684213915 0.42224409448819245 548.5002683054231 19.17420275590551
NA NA 0 62_5 mixed 103.06 4.1899999999999995 2459.6658711217187 24596.658711217187 106 2363.51 21347.22 126.8267 1 241.15879355608595 2297.1939355608592 11.494335000000001 5581.291320985252 -9.077755905511808 308.3465691608312 -3.8257972440944883
NA NA 0 64_5_1 mixed 119.75999999999999 5.59 2132.0067481697033 18412.46874809928 118 2363.51 21347.22 126.8267 1 224.7758374084852 1987.984437404964 12.329335 -602.8986421326554 2.9222440944881924 -19.3125537911842 12.8742027559055
NA NA 0 67_3_3 mixed 87.56 4.89 1798.831065052862 15088.644512406863 113 2363.51 21347.22 126.8267 1 208.1170532526431 1821.7932256203433 10.719335000000001 -3926.722877825072 -2.0777559055118076 -352.48823690802556 -19.32579724409449
NA NA 0 69_5_1 mixed 63.61 3.9399999999999995 1572.0802530221008 12360.659332130315 115.5 2363.51 21347.22 126.8267 1 196.77951265110505 1685.3939666065157 9.521835 -6654.70805810162 0.42224409448819245 -579.2390489387867 -43.27579724409449
NA NA 0 72_7_1 mixed 78.56 5.1899999999999995 1513.680154142582 12109.441233140657 112 2363.51 21347.22 126.8267 1 193.85950770712913 1672.8330616570329 10.269335000000002 -6905.926157091279 -3.0777559055118076 -637.6391478183054 -28.32579724409449
NA NA 58 7_163 mixed 110.76 3.9899999999999998 2763.039830045066 26506.23377602907 115 2363.51 21347.22 126.8267 1 256.32749150225334 2392.6726888014537 11.879335000000001 7490.866385797133 -0.07775590551180755 611.7205280841786 3.8742027559055146
NA NA 58 7_170 mixed 91.16 4.739999999999999 1918.9755903789764 17351.0031198254 113 2363.51 21347.22 126.8267 1 214.12427951894884 1934.91115599127 10.899334999999999 -1664.364270406535 -2.0777559055118076 -232.34371158191107 -15.725797244094494
NA NA 58 7_18 mixed 103.36 5.54 1849.5136977580141 14409.517419708707 118 2363.51 21347.22 126.8267 1 210.6511848879007 1787.8368709854353 11.509335 -4605.849970523228 2.9222440944881924 -301.8056042028734 -3.525797244094491
NA NA 58 7_181 mixed 114.16 5.239999999999999 2178.485933615866 21784.85933615866 114.5 2363.51 21347.22 126.8267 1 227.0997966807933 2156.603966807933 12.049335 2769.4919459267257 -0.5777559055118076 27.166631654978573 7.274202755905506
NA NA 58 7_38 mixed 122.66 5.24 2343.4385596847214 22398.846844484266 112.5 2363.51 21347.22 126.8267 1 235.34742798423608 2187.3033422242133 12.474335 3383.4794542523305 -2.5777559055118076 192.11925772383393 15.774202755905506
NA NA 58 7_58 mixed 120.91 4.54 2610.181954440827 24315.18071351057 112 2363.51 21347.22 126.8267 1 248.68459772204136 2283.1200356755285 12.386835 5299.813323278635 -3.0777559055118076 458.8626524799397 14.024202755905506
NA NA 58 7_74 mixed 70.66 5.1899999999999995 1334.6273760434478 9371.497535954944 117 2363.51 21347.22 126.8267 1 184.9068688021724 1535.9358767977471 9.874334999999999 -9643.86985427699 1.9222440944881924 -816.6919259174397 -36.225797244094494
