Genotypes Condition Generation total_seed_mass_g 100_seed_weight Fecundity Fitness Flowering_Date Haplotype Atlas_Avg_Fec Atlas_Avg_Fit Atlas_Avg_TW
1_100 single 18 81.05571428571429 4.46538461538462 1815.2011812476899 9990.452811615585 106.5 30 2363.51 21347.22 126.8267
1_103 single 18 43.41571428571429 4.56264039408867 941.159675044215 7937.713427686425 97.5 32 2363.51 21347.22 126.8267
1_104 single 18 88.3057142857143 4.713909542978925 1884.018423586725 16680.36280729582 110 33 2363.51 21347.22 126.8267
1_105_1 single 18 84.7557142857143 4.60961538461538 1838.67214971095 17382.77966505753 104 NA 2363.51 21347.22 126.8267
1_107 single 18 62.5557142857143 5.1287565758010505 1221.91271236341 11700.305546646676 111 35 2363.51 21347.22 126.8267
1_110 single 18 93.2557142857143 4.199360485470885 2169.63069105997 20152.764798552416 97.5 32 2363.51 21347.22 126.8267
1_112_2 single 18 84.8857142857143 4.47709708737864 1894.03330311981 14133.479526626905 101 NA 2363.51 21347.22 126.8267
1_113 single 18 77.54571428571421 4.997 1548.2871186397851 12506.03228062277 103.5 39 2363.51 21347.22 126.8267
1_114_2 single 18 16.970714285714198 4.054523076923076 407.7860271294355 3497.4211342800513 115 NA 2363.51 21347.22 126.8267
1_116 single 18 35.2707142857142 4.273951219512195 803.49181620756 7092.650478303063 109 41 2363.51 21347.22 126.8267
1_118 single 18 56.4657142857142 4.4474349470643 1241.770757121538 12053.012662254492 106.5 NA 2363.51 21347.22 126.8267
1_120 single 18 62.095714285714195 3.73903452685422 1618.8144176893452 14390.81496429139 101.5 45 2363.51 21347.22 126.8267
1_124 single 18 130.4057142857142 5.38839001111091 2430.3140577488753 17165.223434223102 102 47 2363.51 21347.22 126.8267
1_126 single 18 61.505714285714205 4.703958333333334 1289.3465899193984 12454.703438413177 113.5 42 2363.51 21347.22 126.8267
1_128 single 18 85.3557142857142 5.28 1616.5854978355 16165.854978355 102 50 2363.51 21347.22 126.8267
1_130 single 18 58.2057142857142 4.83759201324991 1223.2999486188046 9463.243010739137 106.5 51 2363.51 21347.22 126.8267
1_131 single 18 75.3807142857142 5.0248846153846145 1511.77470676022 7741.9484971909205 112.5 52 2363.51 21347.22 126.8267
1_133 single 18 70.7207142857142 5.26807843137255 1344.97478499689 10683.848371644552 111 53 2363.51 21347.22 126.8267
1_134 single 18 93.89071428571421 5.563990291262135 1702.911226711005 10799.85931583853 112 54 2363.51 21347.22 126.8267
1_135 single 18 55.8957142857142 5.094 1097.28532166695 9875.56789500255 112 55 2363.51 21347.22 126.8267
1_136 single 18 113.7557142857142 5.008244019138755 2272.54838858934 19213.366231483276 111.5 56 2363.51 21347.22 126.8267
1_137 single 18 62.755714285714205 4.5987026131763 1363.74819214963 11048.96078201184 101.5 NA 2363.51 21347.22 126.8267
1_14 single 18 62.5557142857141 4.400173537826555 1435.0813563716702 7263.6256265153 101.5 64 2363.51 21347.22 126.8267
1_147_1 single 18 91.81571428571411 4.9710196078431395 1841.9279866245902 11344.21716756034 109 NA 2363.51 21347.22 126.8267
1_148 single 18 86.1607142857141 5.48099014778325 1558.286132023635 14712.77551869483 109 62 2363.51 21347.22 126.8267
1_156 single 18 43.7657142857141 4.04077990430622 1077.4113838071949 10774.11383807195 110 66 2363.51 21347.22 126.8267
1_157 single 18 51.6857142857141 4.938346153846155 969.5653591932345 7772.744674431168 115 67 2363.51 21347.22 126.8267
1_158 single 18 78.8057142857141 4.88332075471698 1546.509792192837 13007.89513234572 94 31 2363.51 21347.22 126.8267
1_16_2 single 18 118.21571428571411 4.947 2389.495888019515 20318.21780876659 99.5 NA 2363.51 21347.22 126.8267
1_162_3 single 18 39.1657142857141 3.82477777777778 1035.5894107489366 8981.348512315726 109 NA 2363.51 21347.22 126.8267
1_165_3 single 18 38.7557142857141 5.06602870813397 765.011738356087 5355.082168492609 103 NA 2363.51 21347.22 126.8267
1_169 single 18 122.36571428571412 5.253642512077295 2340.226221663815 15094.683289670655 101.5 69 2363.51 21347.22 126.8267
1_17_2 single 18 76.6557142857141 4.97205128205128 1522.6684221595401 10922.914264146679 94 NA 2363.51 21347.22 126.8267
1_172_2 single 18 33.6407142857141 5.269 631.297653242579 5689.722283729852 104 NA 2363.51 21347.22 126.8267
1_174 single 18 41.0057142857141 5.022 805.7287580363934 7532.34751280373 104 NA 2363.51 21347.22 126.8267
1_177 single 18 70.0057142857141 4.7192663476874 1488.543365111555 12812.652557546044 105.5 NA 2363.51 21347.22 126.8267
1_178 single 18 104.2557142857141 5.3274213836477955 1958.07039445879 19580.703944587898 105 73 2363.51 21347.22 126.8267
1_179_1 single 18 46.590714285714 5.11354929577465 903.2239997524816 6078.108051934194 107.5 NA 2363.51 21347.22 126.8267
1_18 single 18 84.000714285714 4.56444538250475 1748.572735023924 17485.727350239238 111 NA 2363.51 21347.22 126.8267
1_187 single 18 50.755714285714 4.214308943089435 1192.2971307841449 10540.633320404431 107.5 76 2363.51 21347.22 126.8267
1_189 single 18 124.35571428571399 4.84934065934066 2574.185255358805 23002.51986267021 110 NA 2363.51 21347.22 126.8267
1_19 single 18 32.735714285713996 4.41083495145631 729.865160373471 6254.735545586009 103 82 2363.51 21347.22 126.8267
1_191 single 18 42.14571428571399 4.594087378640775 887.3256135816496 8873.256135816495 106.5 79 2363.51 21347.22 126.8267
1_192_3 single 18 80.955714285714 4.234856930509105 1879.6022719730204 17351.195003432418 97.5 NA 2363.51 21347.22 126.8267
1_193_3 single 18 41.355714285714 5.44909090909091 758.94704228037 7589.470422803701 108 NA 2363.51 21347.22 126.8267
1_195_3 single 18 67.105714285714 5.03233899821109 1323.559010347475 10264.386620432755 109 NA 2363.51 21347.22 126.8267
1_2 single 18 55.515714285714 3.97393236714976 1396.935952095185 11159.288850791909 102 87 2363.51 21347.22 126.8267
1_200 single 18 56.755714285714 4.59295238095238 1264.89170199061 11140.823240452759 104 83 2363.51 21347.22 126.8267
1_203 single 18 44.375714285714 4.6690000000000005 935.449542845267 9354.495428452672 113.5 NA 2363.51 21347.22 126.8267
1_206 single 18 76.35571428571399 5.019 1531.22736299371 14503.478464706295 106.5 20 2363.51 21347.22 126.8267
1_212 single 18 46.705714285713995 4.576134453781515 987.838027234272 6804.0923002656655 104.5 44 2363.51 21347.22 126.8267
1_214 single 18 31.065714285714 4.744 632.3364246429965 5940.466390317825 103.5 85 2363.51 21347.22 126.8267
1_218 single 18 81.6657142857139 4.290478260869565 1851.061167559572 16305.67026517203 110 48 2363.51 21347.22 126.8267
1_22 single 18 86.6057142857139 5.271158536585364 1662.260399876815 15542.587564970916 110 54 2363.51 21347.22 126.8267
1_221 single 18 32.9557142857139 4.88661654135338 675.637412819534 5659.195871430091 113.5 86 2363.51 21347.22 126.8267
1_24 single 18 43.830714285713896 4.968153846153845 885.33733233244 8514.682029873386 102 68 2363.51 21347.22 126.8267
1_3 single 18 99.9557142857139 5.41544660194175 1856.35461318939 13118.728477357125 109 73 2363.51 21347.22 126.8267
1_39_1 single 18 55.160714285713894 4.301468599033814 1242.4109874459884 10327.688764687558 90.5 NA 2363.51 21347.22 126.8267
1_45 single 18 78.3807142857139 4.556259398496239 1726.636541350705 15349.77315604835 105 NA 2363.51 21347.22 126.8267
1_47_1 single 18 64.8407142857139 5.46121568627451 1210.400654848251 8455.796499092612 109 NA 2363.51 21347.22 126.8267
1_51_1 single 18 89.0557142857139 4.96549369747899 1782.0644742111149 17169.159825328905 109 NA 2363.51 21347.22 126.8267
1_56 single 18 64.0557142857139 NA NA NA 103.5 NA 2363.51 21347.22 126.8267
1_58 single 18 70.2107142857139 5.068294092156575 1358.217496652534 13582.17496652534 101.5 94 2363.51 21347.22 126.8267
1_6 single 18 77.3257142857139 5.21373041413875 1420.5038783573928 12985.297443203875 104.75 70 2363.51 21347.22 126.8267
1_60_3 single 18 66.3557142857139 5.127348837209301 1292.4433808019116 9047.10366561338 109 NA 2363.51 21347.22 126.8267
1_61 single 18 80.36071428571384 5.01966015489539 1610.931180142885 12863.666458160775 96 97 2363.51 21347.22 126.8267
1_65 single 18 40.0657142857138 4.745572227125624 826.021149612744 7782.6518118763925 110 65 2363.51 21347.22 126.8267
1_67 single 18 47.1057142857138 5.24683076923077 895.794217297608 7359.9652696399135 119.5 98 2363.51 21347.22 126.8267
1_7_1 single 18 27.605714285713802 4.256803921568625 641.680791496928 5373.137255216032 106.5 NA 2363.51 21347.22 126.8267
1_74 single 18 104.7557142857138 5.54975845410628 1887.57249801034 18875.7249801034 103 99 2363.51 21347.22 126.8267
1_75 single 18 97.6557142857138 5.34525116082735 1827.1753725855651 11367.59324348093 102.5 37 2363.51 21347.22 126.8267
1_78 single 18 36.205714285713796 4.76033920154695 721.605754890759 6279.996352596143 110 20 2363.51 21347.22 126.8267
1_8 single 18 79.6207142857138 4.340852459016395 1675.0078693966855 15529.963187810165 101.5 81 2363.51 21347.22 126.8267
1_83 single 18 98.5057142857138 4.924189411980215 2002.5098604997052 18022.588744497345 111 65 2363.51 21347.22 126.8267
1_84 single 18 98.3607142857138 5.20932057416268 1858.2161003923898 18582.1610039239 101 100 2363.51 21347.22 126.8267
1_85 single 18 74.4707142857138 5.772901348039214 1272.7239032721516 11454.515129449363 112 63 2363.51 21347.22 126.8267
1_89_2 single 18 75.91571428571379 4.270858447488585 1827.75347247668 16289.684594240269 105.5 NA 2363.51 21347.22 126.8267
1_92 single 18 84.3057142857138 5.13635854341737 1621.37991011343 15671.284940037669 102 102 2363.51 21347.22 126.8267
1_93 single 18 102.4107142857138 4.217243902439025 2409.90652108875 22386.609292330053 102.5 103 2363.51 21347.22 126.8267
1_95 single 18 74.8757142857138 3.6995999999999998 2033.4058470456598 20334.0584704566 97.5 49 2363.51 21347.22 126.8267
1_98 single 18 84.8057142857138 5.36471544715447 1582.7794152646352 12577.04635924983 116 58 2363.51 21347.22 126.8267
1_99 single 18 98.2207142857138 4.60352716380913 2067.3847572070854 20673.847572070856 102 104 2363.51 21347.22 126.8267
2_100 single 28 62.9057142857138 4.6298527159184655 1358.7294248581702 7474.458874853875 109 105 2363.51 21347.22 126.8267
2_101 single 28 92.3907142857138 5.035250094732855 1856.98672152734 13102.37222073392 98 106 2363.51 21347.22 126.8267
2_104 single 28 103.5707142857138 4.401111580132265 2366.98506834287 21976.10664375676 101 108 2363.51 21347.22 126.8267
2_106 single 28 25.8807142857138 3.737813047029995 696.6820027412815 6966.820027412815 111.5 110 2363.51 21347.22 126.8267
2_108 single 28 38.3107142857138 4.464423076923075 850.4033798544925 5644.301655687814 113.5 111 2363.51 21347.22 126.8267
2_110 single 28 71.6157142857138 4.802866300366301 1491.058065815825 8018.07471049769 103 114 2363.51 21347.22 126.8267
2_111 single 28 53.3557142857138 4.879110418830045 1100.917968377691 7998.700709394924 117 115 2363.51 21347.22 126.8267
2_117 single 28 40.305714285713805 4.52401523597176 900.7604063298979 7490.083486571702 122 120 2363.51 21347.22 126.8267
2_119 single 28 94.0557142857138 5.94666666666667 1581.65438821268 15816.5438821268 108 122 2363.51 21347.22 126.8267
2_120 single 28 114.0557142857138 4.95807419914638 2307.997188932335 21216.77616898671 112 123 2363.51 21347.22 126.8267
2_121 single 28 62.9057142857138 4.679410148378819 1364.2441511435 13642.441511435001 113.5 124 2363.51 21347.22 126.8267
2_123 single 28 92.1057142857138 5.0532820841341 1825.147877367605 12832.162478155375 116 125 2363.51 21347.22 126.8267
2_124 single 28 67.2557142857138 4.13709661835749 1681.62530277678 13879.215580364391 108 126 2363.51 21347.22 126.8267
2_125 single 28 88.3707142857138 4.90786956521739 1798.1717146050444 17040.039289783304 116 127 2363.51 21347.22 126.8267
2_13 single 28 32.0257142857138 4.91979069767442 644.4962596680359 2874.738986525238 111.5 135 2363.51 21347.22 126.8267
2_132 single 28 67.8157142857138 NA NA NA 109 131 2363.51 21347.22 126.8267
2_137 single 28 134.5357142857138 4.390519026201185 3217.371631034105 31100.178324475328 90.5 133 2363.51 21347.22 126.8267
2_138 single 28 57.9107142857138 4.926106280193235 1149.0011270297355 9595.130872374699 102.5 134 2363.51 21347.22 126.8267
2_139 single 28 61.090714285713794 4.692631067961164 1287.11870938407 9183.16964978812 94 118 2363.51 21347.22 126.8267
2_142 single 28 77.7957142857138 4.789483463396506 1621.9317672654151 12961.128814586675 116 120 2363.51 21347.22 126.8267
2_144 single 28 63.15071428571379 5.052797101449276 1240.9633902648345 10886.957516187205 108 129 2363.51 21347.22 126.8267
2_146 single 28 102.9557142857138 4.98339900553523 2059.33450333358 20593.3450333358 116 119 2363.51 21347.22 126.8267
2_148 single 28 44.1907142857138 4.84059735522116 911.3181182893695 7676.384204257631 96 137 2363.51 21347.22 126.8267
2_156 single 28 43.4107142857138 2.959200739529262 5962.775179909317 58830.278662111115 108 141 2363.51 21347.22 126.8267
2_157 single 28 91.9007142857138 5.2876103286385 1682.9964804862443 15146.9683243762 113.5 140 2363.51 21347.22 126.8267
2_160 single 28 93.8707142857138 4.918359223300969 1907.51736687104 15302.08028419827 89 143 2363.51 21347.22 126.8267
2_163 single 28 51.8407142857138 5.042786069651745 1027.8727461496635 7785.369369846043 104 134 2363.51 21347.22 126.8267
2_166 single 28 73.7557142857138 5.2433592233009705 1429.476596499191 12865.289368492718 102 112 2363.51 21347.22 126.8267
2_167 single 28 78.6557142857138 5.052955113860735 1553.7722469410364 13649.585849356356 94 144 2363.51 21347.22 126.8267
2_169 single 28 58.8607142857138 5.264632850241545 1178.54171915437 11785.4171915437 109 109 2363.51 21347.22 126.8267
2_17 single 28 75.05571428571379 5.320131362889985 1407.76433633883 14077.643363388299 87 149 2363.51 21347.22 126.8267
2_170 single 28 147.3657142857138 5.446568463341145 2709.885153987645 25873.020912170832 96 146 2363.51 21347.22 126.8267
2_171 single 28 86.3057142857138 5.14910404353129 1668.554684302415 15016.992158721736 111 147 2363.51 21347.22 126.8267
2_173 single 28 52.0757142857138 5.457128578567859 954.7313403517945 7580.9866863915 112 148 2363.51 21347.22 126.8267
2_175 single 28 26.5157142857138 5.194 510.506628527412 1021.013257054824 122 116 2363.51 21347.22 126.8267
2_183 single 28 64.2057142857138 5.31937476774433 1205.91635937306 9191.932090555725 104 150 2363.51 21347.22 126.8267
2_19 single 28 73.27071428571381 5.87680769230769 1246.87202003074 8695.78444942967 103 6 2363.51 21347.22 126.8267
2_195 single 28 100.8407142857138 5.58994553634857 1817.010773767785 13105.337753674768 109 151 2363.51 21347.22 126.8267
2_20 single 28 64.6107142857138 5.6376862745098055 1145.8479141983944 10975.86399077026 110 122 2363.51 21347.22 126.8267
2_202 single 28 86.57571428571379 4.844 1787.27733868113 17872.7733868113 91 143 2363.51 21347.22 126.8267
2_209 single 28 69.7057142857138 4.631959818134209 1508.113390649075 10477.25162500804 103.5 152 2363.51 21347.22 126.8267
2_212 single 28 46.4857142857138 4.275023255813955 1041.411644480596 10414.116444805959 97.5 153 2363.51 21347.22 126.8267
2_217 single 28 73.05571428571379 4.82645910965096 1533.52251764444 11766.15927670725 113.5 155 2363.51 21347.22 126.8267
2_219 single 28 88.1307142857138 4.739146341463415 1849.1565650246898 18491.5656502469 99.5 157 2363.51 21347.22 126.8267
2_3 single 28 47.155714285713806 5.031554280248685 961.63950995852 8777.320102209334 104 165 2363.51 21347.22 126.8267
2_30 single 28 42.2357142857138 4.194 1014.3519450995525 9738.412242366223 113.5 117 2363.51 21347.22 126.8267
2_34 single 28 77.3407142857138 NA NA NA 110 162 2363.51 21347.22 126.8267
2_35 single 28 85.7857142857138 5.22054368932039 1604.852824110913 16048.52824110913 106.5 163 2363.51 21347.22 126.8267
2_37 single 28 63.815714285713796 5.120039215686275 1232.294563784489 7583.284995887241 118 164 2363.51 21347.22 126.8267
2_43 single 28 63.205714285713796 5.377754882432405 1176.9958521409599 10712.664682187169 105.5 165 2363.51 21347.22 126.8267
2_44 single 28 45.7557142857138 5.39796153846154 852.7263123298276 7179.187146411741 109 166 2363.51 21347.22 126.8267
2_46 single 28 72.81571428571381 5.5440000000000005 1309.6251912737564 11341.907807323712 107.5 122 2363.51 21347.22 126.8267
2_47 single 28 95.51071428571379 5.2626652360515 1803.7186634025502 16014.96585278936 76.5 167 2363.51 21347.22 126.8267
2_56 single 28 57.460714285713806 5.269169811320754 1084.147550148944 10360.37371510054 110 172 2363.51 21347.22 126.8267
2_58 single 28 85.00571428571381 5.2370166136443945 1624.919089994165 15256.637467556464 105 150 2363.51 21347.22 126.8267
2_6 single 28 55.305714285713805 4.179706919717836 1327.3956158954134 8256.400766047114 116 176 2363.51 21347.22 126.8267
2_62 single 28 73.4207142857138 5.505990147783249 1337.94194147598 8499.86216359344 94 159 2363.51 21347.22 126.8267
2_64 single 28 57.7057142857138 4.7605365853658554 1213.2593687456451 9581.60882542655 107.5 128 2363.51 21347.22 126.8267
2_66 single 28 108.2557142857138 4.898564593301435 2211.51559977562 22115.1559977562 97 174 2363.51 21347.22 126.8267
2_74 single 28 142.20571428571378 4.486477950361795 3181.900053019695 26847.265294204422 92.5 143 2363.51 21347.22 126.8267
2_77 single 28 51.93571428571379 5.218999999999999 919.8467022418729 9080.188444837831 101 178 2363.51 21347.22 126.8267
2_79 single 28 45.1057142857138 4.69714285714286 969.209177763943 5928.759357129565 109 179 2363.51 21347.22 126.8267
2_81 single 28 64.1078571428569 NA NA NA 119.5 120 2363.51 21347.22 126.8267
2_84 single 28 65.4657142857138 5.663666666666664 1163.571207261109 11220.837078775108 112 172 2363.51 21347.22 126.8267
2_85 single 28 64.2557142857138 4.66401572565366 1379.150135115795 9505.984372490158 106.5 180 2363.51 21347.22 126.8267
2_89 single 28 21.6507142857138 4.63431527093596 467.387782268681 4489.277109016334 110 139 2363.51 21347.22 126.8267
2_90 single 28 74.1557142857138 5.29625234521576 1402.262196065685 11082.941966259265 111 181 2363.51 21347.22 126.8267
2_99 single 28 75.5007142857138 5.43187804878049 1357.1065663380896 9300.996367781518 108.5 183 2363.51 21347.22 126.8267
3_104 single 50 102.7157142857138 4.42285714285714 2347.926624825975 23479.26624825975 105 186 2363.51 21347.22 126.8267
3_112 single 50 93.5057142857138 4.98301512074024 1891.5194547097299 18915.1945470973 108.5 162 2363.51 21347.22 126.8267
3_118 single 50 74.7707142857138 4.4932948206292895 1645.269385932745 10010.607875046055 110 189 2363.51 21347.22 126.8267
3_139 single 50 62.0307142857138 4.358100292576715 1463.1979486801602 13714.422950673641 95 191 2363.51 21347.22 126.8267
3_146 single 50 81.9557142857138 5.204035639412995 1579.09840873749 15790.9840873749 113.5 193 2363.51 21347.22 126.8267
3_158 single 50 46.8907142857138 4.89045617173524 957.5631339384361 9575.63133938436 112.5 187 2363.51 21347.22 126.8267
3_169 single 50 76.8557142857138 5.20857142857143 1476.0241508120998 14005.388894105428 109 195 2363.51 21347.22 126.8267
3_186 single 50 103.4057142857138 5.349404652866825 1929.99408851873 18303.46496709463 112.5 162 2363.51 21347.22 126.8267
3_196 single 50 59.30571428571379 5.472727272727274 1085.0817891982665 10470.989188739535 117 197 2363.51 21347.22 126.8267
3_207 single 50 55.5957142857138 4.74063305115937 1153.094756446005 11530.94756446005 113.5 199 2363.51 21347.22 126.8267
3_4 single 50 77.6057142857138 4.8046296296296305 1615.061855941825 11682.37773209005 97.5 205 2363.51 21347.22 126.8267
3_41 single 50 55.4557142857138 4.8400670690811545 1148.507162746972 11485.071627469719 111 203 2363.51 21347.22 126.8267
3_67 single 50 80.5907142857138 4.88761904761905 1634.703012081165 16347.03012081165 108 207 2363.51 21347.22 126.8267
3_72 single 50 55.600714285713806 4.24984429382671 1685.4745831901764 14080.681390907994 110 208 2363.51 21347.22 126.8267
3_79 single 50 132.95571428571378 5.363133640552995 2509.71204182674 15982.92321376638 108 185 2363.51 21347.22 126.8267
3_87 single 50 102.1707142857138 4.606639650159125 2194.098696413215 19746.888267718932 111 198 2363.51 21347.22 126.8267
3_9 single 50 42.90571428571379 4.68173076923077 880.628955275507 7351.9326324168815 113.5 200 2363.51 21347.22 126.8267
3_95 single 50 96.47571428571379 NA NA NA 111.5 210 2363.51 21347.22 126.8267
45_3_2 single 0 29.855714285713802 4.7768115942029 625.013436199712 5625.120925797408 131 NA 2363.51 21347.22 126.8267
46_4_3 single 0 44.5057142857138 4.298338870431895 1034.38480202824 6654.718075516235 94 NA 2363.51 21347.22 126.8267
47_4 single 0 103.3057142857138 5.07676173760421 2037.156135710375 17609.92311841373 120.5 NA 2363.51 21347.22 126.8267
48_5 single 0 82.4557142857138 4.24786819959612 1836.8552614247997 18002.617531545566 105.5 "NA" 2363.51 21347.22 126.8267
49_4 single 0 76.6057142857138 4.533470446213005 1688.51919853661 8146.75111689973 112.5 NA 2363.51 21347.22 126.8267
50_3 single 0 46.50571428571381 5.274011502516175 856.161678415427 4122.116450487305 115 "NA" 2363.51 21347.22 126.8267
51_5_3 single 0 54.555714285713805 5.337924528301885 1024.1458240099564 7542.0158657949905 83.5 NA 2363.51 21347.22 126.8267
52_5_1 single 0 93.4057142857138 5.065767690253675 1853.365674548315 17944.26575549428 105 "NA" 2363.51 21347.22 126.8267
53_5 single 0 87.1557142857138 4.78104265402844 1830.53377389759 14899.500180491708 97 NA 2363.51 21347.22 126.8267
54_5 single 0 51.0057142857138 4.249038461538465 1187.0619021454315 11384.302143351728 107.5 "NA" 2363.51 21347.22 126.8267
55_5_3 single 0 51.6557142857138 4.356915393152905 1176.816644626943 11016.572956324915 102.5 NA 2363.51 21347.22 126.8267
56_5 single 0 26.3057142857138 2.831445050523115 931.5736723959515 6231.223606554831 131 "NA" 2363.51 21347.22 126.8267
57_4_2 single 0 78.8057142857138 4.488233486943165 1745.82604157358 14699.756439982999 97.5 NA 2363.51 21347.22 126.8267
58_3_3 single 0 25.1857142857138 4.13905027107989 608.4527258139965 5170.128212661553 101.5 NA 2363.51 21347.22 126.8267
59_5_1 single 0 16.5057142857138 3.93281942229311 390.7395410864995 3907.395410864995 119.5 NA 2363.51 21347.22 126.8267
60_4 single 0 46.175714285713795 3.2958078414476555 1548.219840812156 15482.19840812156 98 "NA" 2363.51 21347.22 126.8267
61_5_3 single 0 56.0957142857138 5.26840280824923 982.811142497172 6879.677997480204 116 NA 2363.51 21347.22 126.8267
62_5 single 0 54.6057142857138 3.74267681370762 1471.044625736195 14710.446257361951 85.5 NA 2363.51 21347.22 126.8267
63_4 single 0 104.9557142857138 4.567167733962475 2293.633015077765 21274.77999556432 110 "NA" 2363.51 21347.22 126.8267
64_5_1 single 0 69.5057142857138 5.513167701863355 1266.0384594593775 8862.269216215642 107.5 NA 2363.51 21347.22 126.8267
65_2 single 0 107.9557142857138 4.35578007518797 2489.90139971359 23412.220326697432 101.5 "NA" 2363.51 21347.22 126.8267
66_5 single 0 29.7557142857138 3.803644995172195 782.0973671921961 7038.876304729764 99.5 "NA" 2363.51 21347.22 126.8267
67_3_3 single 0 22.605714285713802 4.3653811804822595 520.0112067948455 3881.0204081631873 122 NA 2363.51 21347.22 126.8267
68_3_1 single 0 67.9457142857138 4.922488038277515 1384.402505802765 10461.9163447419 105 "NA" 2363.51 21347.22 126.8267
69_5_1 single 0 61.555714285713805 4.636583776984075 1349.0171011497976 9745.593752022796 131 NA 2363.51 21347.22 126.8267
7_10 single 58 51.6557142857138 5.059812267059314 990.0532921236536 7587.1500591394815 114.5 203 2363.51 21347.22 126.8267
7_100 single 58 80.2557142857138 5.42692307692308 1478.84377847524 14788.437784752401 108 185 2363.51 21347.22 126.8267
7_102 single 58 111.4557142857138 4.5839394914708755 2358.000536656195 21783.70365668882 109 203 2363.51 21347.22 126.8267
7_105 single 58 55.9057142857138 5.020473017835474 1114.61743417659 9507.673305238153 107.5 211 2363.51 21347.22 126.8267
7_11 single 58 49.79571428571381 4.84927536231884 1006.295516804175 8839.27179917182 112.5 59 2363.51 21347.22 126.8267
7_115 single 58 98.1857142857138 4.763362688713155 2068.5117737083347 18535.07866977685 109 162 2363.51 21347.22 126.8267
7_118 single 58 54.155714285713806 4.85283018867925 1115.96145301043 8927.69162408344 108 212 2363.51 21347.22 126.8267
7_119 single 58 65.55571428571379 5.438484162895925 1202.40671381446 10901.62145744764 105 213 2363.51 21347.22 126.8267
7_12 single 58 74.1557142857138 5.09126213592233 1456.7002977971351 14567.002977971351 108 214 2363.51 21347.22 126.8267
7_126 single 58 64.8057142857138 4.83705909943715 1341.47527032438 10497.74794038553 116 154 2363.51 21347.22 126.8267
7_131 single 58 58.2357142857138 5.457278911564625 1065.650566143605 10114.027554680426 110 215 2363.51 21347.22 126.8267
7_14 single 58 84.4507142857138 5.241908212560386 1611.70732400075 14615.89003964623 104 218 2363.51 21347.22 126.8267
7_141 single 58 82.9507142857138 5.31398057860416 1564.7959080782998 12317.26624642035 102 216 2363.51 21347.22 126.8267
7_149 single 58 85.3057142857138 5.6638250428816495 1502.572133589645 14372.386952261764 108 217 2363.51 21347.22 126.8267
7_152 single 58 86.38071428571381 5.557935910937265 1553.469483399615 13981.225350596535 110 121 2363.51 21347.22 126.8267
7_158 single 58 78.72571428571379 4.694718821818865 1606.6463235176202 16066.463235176201 101.5 219 2363.51 21347.22 126.8267
7_163 single 58 82.2507142857138 NA NA NA 109 NA 2363.51 21347.22 126.8267
7_165 single 58 36.2757142857138 4.53168201734776 807.8478553322129 7650.690737157094 101 221 2363.51 21347.22 126.8267
7_167 single 58 76.5307142857138 4.5375000000000005 1629.7352607728349 11408.146825409845 99.5 222 2363.51 21347.22 126.8267
7_170 single 58 45.5057142857138 5.11856819715068 887.033031079179 7935.116289449748 107.5 NA 2363.51 21347.22 126.8267
7_173 single 58 174.8557142857138 5.33398058252427 3278.14680950647 32781.4680950647 103 224 2363.51 21347.22 126.8267
7_174 single 58 108.30571428571379 5.372464642980335 2024.1747801290699 16835.20087978774 108 225 2363.51 21347.22 126.8267
7_176 single 58 78.7357142857138 5.75958974358974 1371.353836285025 11459.58996820579 103 219 2363.51 21347.22 126.8267
7_177 single 58 61.72071428571381 4.03545354407357 1693.6046513553 14089.009113934144 116 226 2363.51 21347.22 126.8267
7_18 single 58 74.9207142857138 4.95187132043734 1517.8320970352845 14141.515310259521 106.5 NA 2363.51 21347.22 126.8267
7_181 single 58 85.7057142857138 5.625525210084035 1533.90081074631 8057.08902393021 110 NA 2363.51 21347.22 126.8267
7_184 single 58 65.4557142857138 5.4963186813186855 1193.8938385155805 10508.003890876174 101 222 2363.51 21347.22 126.8267
7_187 single 58 92.5057142857138 5.07777625882889 1821.22771654394 15124.884762744801 109 229 2363.51 21347.22 126.8267
7_190 single 58 92.11571428571379 5.12926506368971 1832.128990055075 12963.637272161151 110 121 2363.51 21347.22 126.8267
7_198 single 58 82.9557142857138 6.110312015028995 1347.671088820235 10906.174847118495 110 231 2363.51 21347.22 126.8267
7_20 single 58 93.3307142857138 4.547326454033775 2043.355600365785 18893.8070187926 108 235 2363.51 21347.22 126.8267
7_207 single 58 61.0257142857138 4.5450903119868595 1440.56973690196 13521.868122608124 112.5 234 2363.51 21347.22 126.8267
7_211 single 58 64.6557142857138 5.85271966527197 1104.71230442419 11047.1230442419 110 121 2363.51 21347.22 126.8267
7_214 single 58 83.8557142857138 5.34262272665117 1562.1411306855598 14059.27017617004 103.5 221 2363.51 21347.22 126.8267
7_219 single 58 59.3407142857138 4.51101680310211 1178.1338055644585 11781.338055644585 105.5 221 2363.51 21347.22 126.8267
7_31 single 58 92.5057142857138 4.6903623016812706 1974.07158756453 16709.720082149717 112 113 2363.51 21347.22 126.8267
7_34 single 58 60.915714285713804 5.087920673076924 1187.0331358161054 11870.331358161055 105 236 2363.51 21347.22 126.8267
7_38 single 58 90.58571428571379 5.43787027095307 1709.0449816942835 11883.493458295456 104.5 NA 2363.51 21347.22 126.8267
7_40 single 58 92.55571428571379 5.691346153846155 1632.99297206353 15353.86877088433 109 59 2363.51 21347.22 126.8267
7_44 single 58 40.8457142857138 3.57350675023025 1149.6699595078876 11035.152750274363 102.5 238 2363.51 21347.22 126.8267
7_5 single 58 51.440714285713796 5.667789921655865 904.0679067741075 5030.812837748956 110 107 2363.51 21347.22 126.8267
7_51 single 58 83.3957142857138 5.063765027542114 1651.1496265144801 13958.813576533015 109 228 2363.51 21347.22 126.8267
7_53 single 58 92.6057142857138 5.370952757002835 1780.9968378778199 14798.336612551131 108 239 2363.51 21347.22 126.8267
7_58 single 58 78.71071428571379 4.60457711442786 1717.3389833298552 13939.20910213545 101 NA 2363.51 21347.22 126.8267
7_65 single 58 58.5207142857138 5.411984448951995 1078.1672871517176 8810.896274142455 112.5 241 2363.51 21347.22 126.8267
7_67 single 58 109.31071428571379 5.38579842498842 2009.05678414673 14880.88150364797 107.5 188 2363.51 21347.22 126.8267
7_69 single 58 57.3482142857138 4.78031733137236 1234.5757852435527 8037.003949279681 100.25 232 2363.51 21347.22 126.8267
7_7 single 58 66.70571428571381 5.327563569116965 1214.262145050453 10928.359305454078 106.5 243 2363.51 21347.22 126.8267
7_74 single 58 99.9057142857138 5.660853987618765 1766.239615283835 15896.156537554514 108 NA 2363.51 21347.22 126.8267
7_81 single 58 91.80571428571379 5.92118729866544 1523.684821041949 15236.848210419492 112.5 107 2363.51 21347.22 126.8267
7_84 single 58 76.04571428571381 4.594102491935304 1651.4647453022649 13246.47056047079 106.5 244 2363.51 21347.22 126.8267
7_86 single 58 92.45571428571381 5.52815533980583 1672.45145265692 16724.5145265692 110 203 2363.51 21347.22 126.8267
7_87 single 58 119.11571428571379 4.0941173957621295 2572.44185129403 25724.418512940298 108 245 2363.51 21347.22 126.8267
7_93 single 58 84.1557142857138 5.93409961685824 1418.17157984061 2836.34315968122 108 185 2363.51 21347.22 126.8267
7_94 single 58 74.3907142857138 5.096852712464915 1368.226423132918 11104.003768399652 111 233 2363.51 21347.22 126.8267
7_95 single 58 60.2557142857138 80.5052631578945 67.55295747476245 625.1939836146206 108.5 59 2363.51 21347.22 126.8267
7_96 single 58 109.94571428571379 5.95077553862221 1857.82423739445 15622.1813791957 112 187 2363.51 21347.22 126.8267
7_97 single 58 94.6307142857138 6.137929415781165 1542.80198980876 8991.968916070091 111 107 2363.51 21347.22 126.8267
7_98 single 58 81.3857142857138 5.5491621789353545 1462.64676901281 10980.702108651794 101.5 246 2363.51 21347.22 126.8267
70_4_1 single 0 19.6157142857138 4.50557170325985 424.4426610255465 2830.409750142173 131 "NA" 2363.51 21347.22 126.8267
71_5 single 0 55.0057142857138 6.077679149329635 912.9180287333286 7194.059909573265 105.5 "NA" 2363.51 21347.22 126.8267
72_7_1 single 0 19.4557142857138 2.67954222814336 722.0647057181725 5054.452940027208 131 NA 2363.51 21347.22 126.8267
